72
7
49
48
33
50
61
72
4
4
1
31
29
52
2
43
9
36
23
22
23
57
10
13
11
13
32
73
39
10
36
29
36
44
5
59
62
32
3
29
4
23
56
15
12
6
4
11
22
44
11
10
20
12
24
32
2
5
73
22
18
9
2
2
18
25
22
6
7
34
2
56
25
6
10
7
23
25
5
66
38
7
5
2
4
77
3
4
21
54
27
28
13
16
16
30
34
8
7
30
15
1
11
2
7
13
18
10
61
0
3
3
8
5
2
1
40
24
2
6
24
31
29
8
7
45
27
68
16
37
6
18
10
53
14
9
5
21
23
25
9
35
4
6
33
39
12
10
22
28
5
32
14
5
13
4
14
5
1
6
45
40
22
31
24
22
17
7
0
2
39
5
59
2
36
13
2
13
18
3
17
23
27
43
3
72
8
55
46
15
45
65
28
23
32
28
3
19
39
20
36
1
43
3
9
10
9
42
18
24
33
1
63
1
34
53
35
37
22
6
4
42
6
43
29
20
37
50
24
47
55
23
54
75
31
32
47
53
59
43
96
67
88
124
24
68
152
67
150
100
145
122
154
160
190
194
148
241
209
150
164
193
214
210
179
160
258
212
180
186
222
243
214
205
197
226
241
243
199
158
221
216
241
243
306
235
230
221
250
237
241
225
265
219
219
238
230
241
202
224
190
171
228
193
173
196
258
221
250
199
155
240
235
220
243
215
212
210
181
170
221
173
162
173
238
195
177
236
177
207
199
151
165
161
199
157
200
181
196
206
175
154
191
158
160
174
162
164
133
182
157
175
90
117
135
112
120
128
117
112
87
105
174
158
131
148
167
114
113
97
109
113
104
70
102
95
65
193
100
104
92
119
86
122
120
99
131
93
63
92
137
95
116
82
85
141
108
66
136
123
85
103
87
116
124
145
57
97
136
93
154
106
138
115
114
110
81
151
117
163
172
100
176
111
115
188
151
139
184
172
154
183
160
99
166
172
107
184
208
175
154
155
171
161
220
170
220
221
175
217
211
147
242
202
213
216
230
216
250
233
244
260
217
277
297
253
268
237
266
299
285
327
293
401
293
299
294
303
351
387
399
331
301
372
388
373
378
387
412
443
407
432
441
454
465
461
419
475
497
464
510
440
428
449
478
490
521
489
499
497
485
480
512
559
532
521
540
527
560
514
551
593
592
543
590
644
620
592
580
593
610
630
615
708
652
629
626
662
650
683
690
658
709
671
649
654
660
703
723
673
707
777
705
714
763
756
732
750
705
753
773
686
747
792
729
726
812
721
768
793
734
736
709
719
756
760
780
780
811
789
772
743
731
780
802
771
758
796
776
773
769
771
777
812
777
756
791
736
764
770
731
752
722
747
753
725
736
684
743
741
751
712
669
720
758
672
736
748
661
672
734
662
692
730
660
678
710
686
660
689
647
663
699
648
629
661
616
617
608
632
649
602
621
638
651
610
623
626
562
654
577
599
524
579
561
590
578
562
582
577
555
573
556
565
626
566
552
580
536
485
569
584
498
500
547
441
480
485
431
494
521
464
489
452
463
469
455
466
451
422
428
487
429
476
427
437
395
436
475
406
354
439
350
400
355
411
383
392
418
365
405
397
387
369
369
327
385
300
331
357
326
355
346
280
330
322
306
339
302
285
321
301
283
283
274
284
329
349
265
282
288
207
307
270
231
248
280
267
257
271
255
260
273
206
203
249
226
229
213
213
263
240
227
178
233
213
209
179
214
203
222
196
152
254
155
190
202
158
164
205
117
209
161
150
154
155
153
154
131
131
170
166
148
171
146
135
151
148
123
137
103
146
165
199
97
137
204
117
152
113
109
130
143
100
142
145
115
147
110
128
179
159
101
146
91
80
101
115
121
81
99
84
90
53
128
44
150
65
104
129
75
95
116
94
110
57
34
118
82
104
63
77
102
118
94
70
123
110
74
133
43
86
89
84
101
49
51
25
37
83
29
99
68
46
69
43
27
50
48
16
52
105
31
70
70
33
31
27
44
60
42
19
59
60
55
43
47
24
60
42
9
102
51
16
42
33
49
47
67
44
77
73
35
37
47
44
73
50
35
63
15
36
61
34
15
16
38
52
37
53
46
71
40
12
41
40
30
121
4
10
40
6
38
111
75
31
43
17
15
46
69
17
60
37
32
63
48
1
2
77
5
16
77
7
47
2
13
16
5
8
31
58
32
29
3
33
50
22
5
50
10
32
25
29
5
37
8
16
4
1
9
13
39
14
35
1
19
1
15
13
1
27
22
28
41
3
65
55
2
47
19
5
52
17
18
25
44
10
24
23
53
22
6
4
40
56
13
22
16
39
11
45
5
65
54
13
15
19
1
5
20
25
35
35
24
16
29
26
19
25
3
26
39
14
5
16
51
38
29
9
58
57
10
16
35
56
4
30
44
12
28
13
14
5
40
10
17
54
8
22
37
30
56
18
9
3
1
33
4
26
24
15
31
1
23
32
25
26
17
10
30
2
46
11
10
8
51
21
28
33
20
36
3
13
17
23
24
18
23
21
22
8
45
5
26
30
44
4
34
27
21
9
15
33
33
39
9
6
20
2
26
7
17
1
5
43
24
15
0
12
24
3
22
52
2
2
14
33
31
45
16
6
47
15
11
20
45
39
61
40
6
23
56
45
34
5
27
16
26
40
26
26
18
22
10
63
24
21
42
11
22
22
41
13
28
14
11
10
25
2
26
29
6
25
24
24
42
43
14
51
14
12
0
22
2
49
11
13
18
24
7
42
15
16
29
16
2
64
3
19
14
7
23
10
31
58
72
2
10
55
19
73
89
61
35
8
26
3
47
12
3
26
4
22
57
18
9
15
28
5
35
49
44
36
41
23
48
9
7
9
18
19
19
33
31
73
22
31
18
39
6
22
1
45
34
9
23
31
15
27
22
13
5
5
28
3
2
43
2
28
0
3
1
2
23
0
20
7
35
1
24
3
51
32
61
11
41
28
33
9
19
20
11
1
16
16
4
19
5
14
30
26
36
9
19
0
4
25
24