40
87
2
35
17
31
58
3
1
23
1
1
18
22
41
9
13
49
1
27
10
6
37
5
12
26
12
76
66
2
15
10
51
10
72
48
52
5
0
16
36
40
10
18
24
30
13
16
21
25
1
11
13
1
32
16
14
31
48
3
12
46
5
41
16
17
6
12
7
10
19
18
5
15
53
2
4
28
83
29
36
9
9
22
26
11
7
2
29
2
23
11
2
19
23
52
11
32
4
19
26
23
4
11
19
13
4
39
32
40
65
14
5
44
17
30
1
2
26
53
58
23
66
14
21
5
32
6
17
6
11
58
32
8
6
6
36
19
14
11
18
22
41
4
44
61
26
10
34
0
34
0
36
27
12
15
23
33
19
4
2
28
29
10
7
5
10
16
12
15
18
16
33
66
29
4
8
13
12
13
7
48
15
11
31
16
16
17
33
44
30
1
33
14
62
24
29
52
17
18
22
24
17
7
5
2
5
26
37
12
22
16
7
18
4
16
26
5
20
8
8
15
22
27
18
23
2
2
0
15
7
14
16
40
12
23
5
30
22
35
11
12
37
7
9
34
10
62
29
8
7
18
51
27
40
52
39
23
31
33
55
81
56
34
74
47
85
68
52
74
91
44
126
95
65
101
145
58
48
132
66
86
131
190
139
142
81
121
122
135
108
158
150
93
143
112
123
161
111
110
135
124
131
130
138
114
178
184
137
145
147
128
189
202
143
182
198
168
110
203
122
171
154
168
188
160
190
190
195
178
163
144
137
151
152
172
185
207
194
199
181
179
158
203
175
185
142
163
256
148
232
205
175
216
174
187
211
207
217
204
222
232
180
243
213
233
254
227
220
280
216
297
285
230
219
238
284
253
269
234
261
258
290
277
287
297
261
317
251
310
336
318
317
288
330
326
281
320
328
329
331
299
377
354
375
339
314
382
398
403
373
435
341
438
420
378
425
466
455
381
450
445
407
410
467
396
463
466
490
488
479
479
475
470
452
464
494
519
538
501
484
514
429
489
500
498
520
503
501
476
509
483
447
515
531
492
515
466
552
533
500
500
564
533
541
553
537
539
574
541
581
511
567
538
544
538
540
565
580
577
559
511
556
561
557
555
568
560
590
601
518
558
590
524
537
557
526
535
611
565
498
537
521
563
548
531
563
569
530
529
587
564
570
575
559
512
526
503
492
474
491
491
467
505
497
482
486
453
447
434
441
472
479
475
429
414
407
459
392
448
467
415
432
425
419
419
453
420
384
440
385
415
405
442
390
420
367
355
428
410
334
372
379
373
318
376
367
367
343
367
385
312
347
365
380
334
359
354
325
349
323
344
353
377
304
328
360
345
308
306
322
300
283
327
290
276
266
287
319
255
224
238
292
301
218
238
227
234
256
225
205
216
230
202
201
242
207
225
186
236
178
253
162
207
244
163
230
195
218
191
231
187
206
189
201
197
212
235
218
193
160
192
226
207
197
229
163
151
187
188
185
177
141
173
159
174
154
152
152
171
162
162
137
196
143
123
168
120
131
211
192
158
155
170
145
154
145
112
148
117
156
183
132
129
140
112
136
119
61
123
133
131
180
106
100
88
134
165
133
60
125
96
135
41
138
119
144
126
67
98
134
113
108
100
109
117
83
98
98
127
118
98
90
107
58
104
99
84
73
111
85
69
70
53
90
100
83
88
74
30
63
99
53
103
70
85
69
88
31
105
76
80
64
79
53
69
92
29
82
84
45
96
84
70
81
46
32
88
30
36
12
46
71
47
71
85
62
39
60
33
86
91
61
66
53
84
23
40
40
82
67
73
55
42
71
67
49
63
76
17
64
67
41
59
57
55
50
59
4
63
25
45
48
61
58
37
27
21
41
92
36
71
23
21
66
78
40
44
42
10
20
42
4
79
2
66
17
51
59
62
39
49
45
11
53
64
40
6
47
16
3
65
18
34
60
77
23
78
40
6
41
16
13
51
6
28
3
40
8
43
40
2
29
4
24
40
1
9
42
54
30
28
12
30
13
8
31
41
7
2
2
0
17
55
21
38
54
22
25
30
3
42
81
9
29
31
14
5
6
20
39
26
14
4
12
5
7
4
23
4
16
4
28
2
41
39
56
1
16
90
28
5
25
40
25
17
68
43
25
12
27
39
57
29
9
17
1
44
16
62
7
13
18
39
14
4
9
30
1
20
13
5
8
34
15
17
6
0
19
4
24
4
10
5
16
14
23
7
33
3
29
18
35
8
42
40
32
21
11
14
40
17
17
20
23
6
35
1
38
35
7
18
8
5
5
13
14
65
14
20
5
6
41
0
23
18
3
52
21
47
34
1
10
15
43
4
12
8
38
9
11
2
19
8
22
41
10
16
2
40
23
32
45
15
22
10
10
1
4
49
9
22
33
14
1
8
7
66
15
4
14
16
23
23
30
20
23
21
24
13
34
5
31
35
18
15
29
11
4
17
23
21
7
20
31
6
7
11
27
27
20
10
12
35
37
75
57
44
32
24
27
14
14
17
26
38
15
74
54
1
14
3
25
0
27
14
32
11
17
8
15
21
46
28
3
1
13
32
0
11
8
24
2
53
12
27
7
10
2
42
1
7
13
22
15
8
6
18
7
2
18
23
36
6
2
8
27
7
2
16
1
16
7
32
3
46
28
25
29
15
18
32
6
7
26
21
30
36
17
10
9
3
67
2
18
5
14
9
25
19
2
10
11
2
30
7
6
34
11
34
39
26
68
31
6
17
26
29
8
7
5
15
62
37
45
41
26
26
6
21
45
13
5
47
6
33
5
16
11
47
27
3
27
16
38
34
55
14
13
23
37
19
27
46
3
12
32
74
20
16
44
2
30
50
24
5
4
23
23
51
17
34
13
16
8
32
11
6
13
47
13
24
50
44
61
8
11
18
1
18
5
1
11
23
51
9
35
4
20
48
15
3
17
7
10
11
30
40
0
45
22
11
5
40
5
18
17
72
34
4
27
21
16
46
62
6
12
17
19
27
8
54
20
11
25
3
31
5
25
8
34
40
7
5
18
19
1
23
10