23
79
33
29
34
31
34
24
35
20
22
31
52
43
68
11
6
33
32
9
30
19
41
33
10
39
0
31
64
20
31
5
40
45
45
9
7
20
20
19
35
44
19
20
33
24
15
10
10
26
37
29
19
25
2
39
40
24
35
14
54
54
5
33
81
16
44
4
31
32
26
10
3
6
9
21
22
2
79
1
6
40
20
16
34
21
42
21
66
4
5
18
20
15
4
74
3
34
15
11
30
6
12
14
30
24
15
50
31
12
33
22
6
24
47
21
15
6
28
22
47
10
17
10
37
6
62
15
22
2
25
71
27
7
8
14
18
24
13
3
21
5
32
5
36
9
19
41
17
34
4
8
38
27
18
38
13
15
14
11
16
6
28
22
3
4
27
22
24
50
22
9
1
60
15
28
8
11
43
11
10
30
16
10
93
12
18
13
4
23
36
39
10
38
2
17
39
58
49
67
64
14
49
26
35
97
58
87
103
105
131
156
129
116
123
142
178
142
200
170
199
190
201
262
217
290
287
295
339
343
393
398
409
350
451
437
503
434
487
539
525
552
570
546
586
648
622
618
641
664
677
677
713
705
743
733
714
714
745
782
727
782
804
765
808
844
806
763
797
827
854
796
839
805
804
799
804
772
738
788
725
700
748
833
691
711
663
692
720
688
638
726
665
659
692
633
654
669
650
620
621
678
655
651
620
640
667
695
685
597
613
625
694
641
621
641
656
604
597
625
565
598
590
543
543
563
585
549
562
525
540
518
518
547
550
506
528
550
533
518
570
532
551
572
537
518
491
538
544
510
544
502
498
561
565
541
573
531
526
529
569
551
594
570
560
598
603
584
597
597
544
571
602
557
612
562
606
642
614
570
605
591
646
605
622
636
623
614
621
589
666
682
627
676
737
679
642
707
732
731
704
692
721
693
745
660
709
715
746
743
741
787
675
748
729
729
753
809
804
776
800
756
731
761
777
748
835
755
764
825
778
769
762
736
786
773
787
762
822
789
768
843
818
790
869
835
792
858
819
792
806
795
752
845
834
827
853
810
842
865
834
829
889
852
866
915
843
907
885
893
922
915
907
848
949
900
914
911
912
928
923
887
951
953
893
913
939
934
933
989
915
954
975
949
882
896
879
877
949
878
869
884
847
887
922
895
883
935
833
866
854
883
888
923
882
882
851
885
813
827
877
870
853
848
852
908
814
834
816
794
804
791
840
849
774
733
755
817
761
784
811
798
813
811
774
717
787
693
702
772
709
712
752
754
717
786
718
698
751
720
669
723
766
694
684
702
656
688
697
676
671
674
625
708
654
652
706
695
678
663
673
647
668
662
600
627
637
636
634
621
616
587
585
626
593
603
608
602
630
563
587
555
563
649
558
565
582
559
577
568
543
553
509
573
479
541
534
531
520
555
508
558
471
481
526
511
518
504
544
435
538
477
497
479
513
496
501
511
470
507
458
441
453
497
442
481
450
411
459
426
433
391
403
412
475
422
414
425
435
425
420
397
401
457
401
404
398
390
371
440
406
338
403
404
366
408
364
369
378
340
302
418
332
311
320
328
335
343
303
319
382
315
358
319
328
299
311
322
293
294
313
281
315
289
274
268
332
308
254
319
275
316
250
289
264
263
238
266
264
286
262
246
249
251
230
274
278
207
240
279
221
204
228
210
212
257
219
201
267
168
208
231
206
211
223
205
214
215
145
207
196
180
187
239
196
167
214
178
209
196
194
153
172
193
176
168
137
198
143
169
145
120
196
175
165
171
169
126
139
112
218
184
136
135
138
159
143
147
135
163
112
167
164
121
119
154
120
117
128
78
131
166
123
94
154
159
82
144
61
111
133
128
105
119
120
94
120
85
79
190
95
98
103
82
138
113
110
128
133
94
96
87
73
145
60
121
76
100
128
34
81
89
99
97
55
74
93
69
86
61
48
86
60
92
74
117
59
90
89
7
73
76
42
94
73
5
32
16
98
37
85
43
73
87
11
60
53
49
42
53
52
78
58
3
24
43
63
27
40
43
17
49
42
62
48
72
71
32
30
56
78
62
70
24
64
94
8
59
62
53
80
51
41
6
51
35
23
36
1
18
63
21
2
30
5
14
22
10
12
65
52
4
42
35
7
44
100
4
4
18
35
36
64
39
6
57
14
12
41
49
16
46
54
36
34
1
20
11
6
42
25
63
13
30
11
17
18
27
29
32
40
49
23
26
16
10
10
4
7
16
53
27
20
32
21
11
18
25
17
43
13
25
29
18
12
26
9
16
28
21
11
3
6
3
23
34
6
62
1
7
23
21
1
34
12
34
34
0
19
15
46
18
9
19
68
14
42
63
17
37
41
34
23
51
10
5
16
22
19
26
98
14
45
65
35
5
40
6
2
17
6
1
85
4
2
10
20
14
8
18
25
37
40
12
19
21
44
7
10
6
22
10
23
16
31
32
20
1
1
2
6
37
15
7
30
46
0
13
36
1
28
32
8
2
16
43
29
11
18
52
38
5
1
31
37
15
9
34
40
5
6
36
25
27
10
4
7
3
2
27
7
17
8
58
2
8
6
25
1
3
11
28
12
20
18
6
59
11
1
3
11
12
16
15
38
15
1
21
18
6
40
7
50
16
18
20
9
10
10
27
57
44
14
42
10
21
8
28
28
45
16
61
10
53
73
39
13
77
34
51
9
17
1
5
18
21
22
25
11
33
18
37
11
13
7
37
34
22
18
4
38
53
21
18
1
1
36
15
35
26
17
29
23
16
52
33
16
13
44
17
43
81
26
22
13
35
16
19
3
13
6
28
17
35
54
14
19
24
8
5
95
30
56
11
48
15
43
15
10
55
2
49
38
16
7
7
19
39
32
43
26
42
24
27
6
21
5
29
18
37
18
3
21
61
30
2
25
8
39
9
8
18
41
2
34
13
16
5
5
43
21
21
8
36
33
3
5
25
30
50
6
0
5
31
59
18
11
16
19
2
5
41
25
25
49
28
8
1
8
20
3
8
13
16
45
21
14
13
13
46
51
23
6
29
8
18
1
25
20