141
51
108
71
51
104
120
96
107
108
94
58
107
83
71
106
91
63
75
92
77
158
90
76
87
105
9
96
111
112
89
56
51
32
83
107
98
62
64
101
100
51
126
31
90
70
101
56
120
73
38
94
77
52
95
105
108
101
39
92
79
51
85
68
102
117
125
56
47
97
45
74
91
48
49
40
50
87
83
39
23
97
84
43
85
12
69
67
61
91
103
60
54
90
85
80
107
80
26
94
86
34
45
72
56
55
58
57
21
51
51
61
60
72
26
35
73
73
78
58
21
6
99
31
75
73
83
33
31
48
24
45
2
24
62
21
59
58
27
48
69
39
17
44
68
11
39
95
16
34
90
63
21
33
41
30
65
42
28
23
53
23
65
56
84
84
67
76
26
43
48
58
10
49
33
70
40
68
68
46
26
41
49
71
54
115
77
5
61
46
36
108
147
42
104
70
91
82
155
114
148
127
95
108
135
144
175
231
186
215
239
272
295
302
303
282
312
313
377
418
435
487
492
493
490
562
537
552
686
636
624
721
704
715
755
802
787
852
866
905
968
969
1021
1068
1039
1113
1140
1125
1216
1167
1248
1177
1284
1262
1274
1349
1314
1349
1350
1372
1349
1363
1390
1424
1435
1430
1473
1486
1490
1494
1472
1466
1494
1547
1513
1473
1533
1499
1504
1457
1522
1465
1533
1487
1561
1469
1450
1422
1481
1478
1434
1385
1477
1427
1439
1394
1378
1414
1355
1388
1340
1314
1334
1301
1307
1230
1251
1278
1205
1228
1157
1168
1141
1210
1175
1204
1198
1147
1113
1133
1144
1093
1073
1085
1124
1077
1037
1098
1031
1044
1055
983
993
1025
1008
961
1010
944
938
969
917
975
968
948
909
911
866
855
899
921
870
903
826
865
864
834
798
836
826
774
798
807
869
820
805
781
798
770
794
782
818
794
828
761
782
792
746
846
832
774
816
770
740
824
798
823
819
841
789
783
825
786
789
764
799
833
840
762
852
867
807
811
826
830
877
940
853
846
930
917
920
899
947
841
938
936
901
993
1004
986
960
972
970
940
982
1014
931
989
1018
975
978
1020
1029
990
962
992
983
982
1020
990
954
1070
1021
1003
1029
994
1047
1020
1003
1015
1036
1012
1033
1009
1027
1077
1099
1033
1109
1122
1145
1085
1069
1134
1157
1197
1162
1179
1204
1198
1170
1223
1191
1235
1140
1183
1211
1216
1197
1184
1251
1147
1180
1240
1257
1219
1257
1220
1221
1264
1246
1223
1268
1279
1235
1190
1204
1198
1194
1232
1239
1201
1172
1245
1207
1215
1229
1247
1217
1240
1176
1256
1232
1295
1233
1213
1287
1243
1234
1272
1173
1245
1279
1219
1292
1307
1230
1267
1229
1202
1185
1241
1215
1280
1273
1214
1226
1263
1227
1192
1249
1199
1223
1269
1209
1211
1155
1212
1177
1201
1207
1180
1182
1181
1206
1155
1178
1139
1139
1196
1157
1114
1083
1157
1175
1065
1119
1119
1146
1145
1125
1136
1106
1073
1120
1124
1095
1074
1083
1111
1042
1060
1087
1065
1072
1074
1043
1060
1068
1034
1011
1056
990
1022
1066
1008
1044
972
980
1038
965
959
926
993
943
914
960
875
961
971
882
887
896
862
883
894
883
847
852
862
860
871
865
839
821
873
850
858
810
826
843
823
838
791
773
849
819
781
795
762
811
702
760
724
714
750
679
736
694
726
704
744
650
703
698
721
729
691
681
677
672
636
648
713
665
649
654
620
612
612
658
622
623
619
623
655
567
568
566
611
531
558
575
576
558
498
539
541
538
510
530
539
515
537
496
484
491
512
524
482
424
481
448
471
408
474
447
474
481
400
482
418
419
421
471
377
460
393
435
433
415
399
398
396
365
383
425
365
377
386
430
370
377
350
350
353
402
405
335
362
372
289
373
321
339
296
302
324
363
285
309
322
305
325
331
263
257
294
316
294
310
287
281
251
276
282
205
310
263
226
268
264
230
315
257
260
283
274
185
256
241
232
286
221
221
213
225
196
221
215
230
208
239
206
214
245
164
218
236
199
141
194
179
203
232
217
232
182
203
155
118
157
209
185
204
158
180
157
189
221
211
215
192
149
140
163
168
177
153
168
150
121
152
128
156
99
179
159
135
164
141
133
160
134
90
110
116
144
106
147
70
107
176
126
157
142
172
119
121
152
102
105
108
124
144
121
118
88
72
124
128
108
111
92
114
83
124
98
92
111
83
141
71
133
69
53
69
80
97
44
114
55
65
107
91
52
137
97
93
102
90
91
143
99
34
117
102
49
92
92
55
91
86
48
77
116
86
75
62
56
67
76
84
35
73
21
76
85
21
54
152
73
58
97
80
58
31
133
56
59
80
67
60
89
113
47
77
38
53
74
92
42
68
120
47
81
46
53
-9
93
93
36
84
15
91
96
35
24
51
39
42
107
59
41
83
52
60
54
42
51
50
66
45
23
64
48
26
56
58
63
72
9
96
22
34
80
61
36
76
43
14
70
31
60
70
37
74
50
70
90
61
83
31
2
43
42
109
12
92
107
32
15
58
58
39
108
14
34
100
40
54
64
40
50
89
32
65
50
28
12
33
79
48
14
36
3
90
49
41
82
67
29
43
89
35
21
24
65
95
42
34
60
39
61
44
-8
47
67
3
74
70
-6
32
55
-8
33
67
3
19
89
36
3
82
22
10
65
47
32
43
45
59
78
40
8
57
-37
-35
51
68
-22
32
49
-20
45
31
8
87
17
-46
45
47
4
48
19
14
56
24
63
57
11
65
21
-8
27
27
23
87
44
33
66
43
17
8
58
38
51
15
44
20
42
4
45
23
7
-23
28
51
31
29
28
55
75
26
-2
63
36
-6
48
84
46
70
52
39
46
21
9
-6
-31
36
9
33
26
12
20
38
24
7
23
22
6
24
47
75
73
12
28
18
6
37
39
28
-9
44
35
5
43
30
14
13
52
6
78
60
-6
42
46
14
32
69
4
28
46
35
4
35
-4
11
46
33
18
39
-28
17
55
5
30
57
-26
45
38
7
34
22
1
28
23
-1
16
5
29
24
-4
0
50
-26
65
59
22
-26
21
23
10
48
2
-11
39
38
51
-9
24
-7
48
64
1
42
13
-10
8
33
6
5
9
-20
-7
5
-20
-15
-9
-24
1
0
39
19
29
-24
-13
40
31
54
50
-36
33
34
21
60
35
31
57
-1
15
-14
51
-7
31
-20
24
12
39
11
-4
28
5
15
45
-11
-6
38
-4
43
30
-30
58
33
8
20
7
15
19
31
3
11
10
-24
29
30
20
17
21
15
57