54
28
73
51
24
46
87
52
15
56
3
19
37
25
8
62
38
27
6
66
1
71
24
9
32
44
45
20
49
60
29
2
7
20
20
36
80
10
7
58
47
49
59
39
7
42
38
24
22
32
40
27
39
1
15
18
4
52
7
28
44
5
7
19
33
8
49
12
6
51
20
26
33
6
16
14
10
0
12
54
15
20
2
16
41
22
24
38
28
30
7
18
10
62
54
30
67
58
31
55
49
42
46
9
47
10
42
19
12
13
5
12
17
7
12
14
21
44
51
5
6
1
8
25
21
20
58
19
8
21
45
10
64
18
11
34
9
4
1
7
8
0
4
12
31
30
19
57
23
14
7
46
35
23
35
17
34
18
37
1
13
10
51
45
22
16
9
7
15
24
8
54
10
13
12
35
59
58
36
31
16
54
37
63
16
72
21
2
21
42
6
52
63
14
46
2
77
33
137
82
24
47
62
47
81
77
128
133
111
153
135
142
178
170
159
138
240
174
205
265
229
228
246
264
275
324
344
322
416
411
358
441
438
479
434
495
505
508
514
484
597
600
528
643
571
609
710
594
659
642
685
600
708
726
707
719
716
715
726
751
658
750
741
782
707
758
759
754
711
729
771
752
693
814
714
750
779
749
708
715
754
682
734
685
785
662
715
648
664
660
664
623
657
634
654
634
624
610
616
619
657
635
592
628
629
611
696
693
658
651
628
636
673
657
637
658
656
638
597
616
634
570
622
596
609
556
603
630
560
575
597
520
568
546
552
564
592
581
579
601
621
621
583
609
606
651
630
557
638
647
590
635
596
609
662
632
609
756
654
646
657
684
681
696
719
797
739
710
734
730
740
702
812
782
719
798
742
797
813
763
812
840
812
833
857
880
861
869
891
843
904
920
950
901
959
998
1019
980
1001
1030
1026
963
1075
1077
1065
1108
1016
1061
1120
1091
1151
1113
1172
1101
1168
1171
1119
1201
1251
1235
1253
1202
1282
1249
1211
1322
1231
1309
1302
1385
1388
1398
1363
1350
1365
1411
1370
1412
1464
1451
1430
1408
1423
1426
1454
1459
1510
1502
1509
1535
1459
1473
1540
1530
1566
1597
1563
1554
1608
1675
1577
1640
1646
1680
1680
1726
1692
1651
1724
1699
1728
1713
1692
1814
1689
1769
1732
1748
1795
1805
1839
1749
1758
1858
1848
1773
1794
1817
1819
1870
1820
1754
1883
1799
1843
1785
1814
1792
1779
1800
1833
1753
1747
1769
1796
1757
1791
1793
1750
1710
1722
1705
1755
1778
1675
1718
1767
1722
1713
1716
1653
1723
1679
1673
1695
1752
1693
1625
1677
1596
1632
1637
1602
1635
1672
1579
1548
1541
1600
1603
1559
1540
1525
1593
1515
1538
1510
1560
1510
1499
1459
1501
1492
1526
1479
1475
1472
1403
1436
1421
1390
1389
1325
1390
1382
1301
1367
1310
1364
1283
1272
1271
1259
1290
1290
1319
1274
1233
1311
1241
1222
1261
1174
1176
1207
1120
1145
1172
1175
1083
1105
1117
1075
1097
1114
1058
1077
1045
1014
1082
1049
985
986
1016
1015
966
945
922
999
958
932
916
932
862
910
875
856
858
891
843
880
795
826
777
771
804
801
822
766
793
747
758
752
759
737
797
752
693
732
718
716
668
678
659
709
677
690
671
606
651
611
642
592
609
606
596
654
572
615
603
617
543
591
574
604
554
558
534
540
539
562
566
533
532
530
480
469
497
469
459
538
471
485
473
423
441
478
477
396
434
475
458
434
419
397
402
434
364
456
422
339
401
393
367
366
401
343
419
354
322
379
372
343
339
338
278
396
310
291
321
338
295
282
318
312
310
330
305
276
315
307
271
254
228
290
279
285
292
222
265
257
225
271
268
263
233
243
243
254
221
230
232
256
225
160
226
208
208
192
233
228
215
185
178
236
211
188
221
225
174
198
193
186
228
187
126
208
190
121
195
173
193
221
162
148
201
158
127
164
121
163
168
161
188
170
146
139
117
155
130
90
153
164
158
115
150
144
138
161
116
135
114
142
108
138
154
97
120
137
118
141
189
131
115
143
154
124
106
110
97
122
101
111
109
134
68
150
86
97
147
93
88
154
109
97
130
77
73
104
121
23
89
120
81
104
110
123
62
86
125
69
74
66
77
119
64
100
49
43
109
72
77
65
82
80
72
51
54
22
45
96
77
71
68
91
39
50
88
68
58
74
25
52
102
60
18
82
57
44
51
93
82
133
77
5
66
82
19
77
55
35
103
87
50
84
30
52
83
50
30
20
84
56
68
41
1
28
57
28
85
84
45
55
64
39
36
31
113
51
6
37
92
57
103
112
10
41
55
30
22
108
28
36
92
18
61
58
40
46
49
51
30
55
17
90
52
1
27
43
26
39
84
61
29
59
10
4
53
13
24
39
77
41
49
39
31
15
34
3
49
41
27
78
23
60
42
43
28
66
34
2
34
15
41
52
13
69
34
40
55
30
7
44
24
49
57
54
12
22
95
32
2
53
32
25
92
29
9
62
19
58
102
30
45
78
7
35
47
52
40
30
60
33
35
50
29
69
4
42
55
21
9
58
39
0
6
5
58
76
7
46
34
23
38
15
16
43
17
19
84
47
63
34
38
12
38
42
22
6
58
13
22
52
12
13
57
4
23
17
31
25
17
2
19
43
40
54
6
23
25
18
17
19
12
22
16
67
21
16
55
1
12
18
10
21
16
36
32
28
18
41
13
45
44
1
20
56
25
16
28
71
17
7
17
48
55
46
19
47
39
11
33
44
33
24
4
9
56
27
7
15
29
15
4
44
9
32
28
9
51
32
43
54
24
19
2
13
7
48
3
10
37
33
7
40
10
21
15
16
30
6
20
16
3
25
0
0
5
3
30
16
4
62
29
12
4
13
6
30
24
28
75
34
29
0
41
23
9
48
2
15
71
3
5
27
29
8
35
26
38
37
13
1
48
28
52
15
27
64
3
7
58
9
33
24
19
5
7
21
24
5
40
22
49
3
48
45
14
46
32
0
29
45
17
26
47
49
10
7
28
69
16
92
25
27
45
44
39
1
17
45
0
28
19
38
30
36
20
9
2
29
14
39
9
28
17
31
13
1
58
46
50
45
19
57
1
37
48
16
11
25
15
6
32
29
7
32
0
1
8
32
3
9
15
38
12
61
28
26
37
17
15
31
22
35
5
44
34
16
11
20
28
26
55
4
21
36
43
51