81
10
37
67
3
84
58
57
52
53
2
7
96
26
3
63
42
52
21
39
4
78
29
8
70
23
2
53
96
40
2
0
36
11
8
78
74
19
18
26
12
34
109
3
39
37
8
14
21
20
7
41
46
47
51
2
34
63
37
38
74
45
3
65
18
38
72
21
11
34
1
26
50
16
6
8
21
17
64
2
7
46
39
9
46
13
28
17
12
68
65
49
1
90
52
32
66
24
7
42
16
10
22
6
37
11
18
48
20
7
57
50
2
13
37
0
68
74
12
13
26
9
37
7
15
3
40
32
60
69
12
37
32
25
25
57
38
12
8
21
20
28
18
13
61
23
29
19
2
51
17
60
20
9
39
23
27
45
19
9
27
29
26
24
47
96
76
51
42
13
63
89
8
47
45
69
72
69
49
93
63
59
95
103
93
152
106
49
108
110
96
196
219
110
192
189
183
225
285
215
272
322
218
305
337
377
371
451
399
467
525
504
576
573
558
592
633
669
659
714
730
745
773
777
769
849
889
900
952
952
937
1021
1028
1003
1042
1053
1077
1099
1074
1140
1153
1134
1200
1222
1181
1242
1304
1197
1336
1331
1314
1300
1376
1290
1369
1419
1392
1418
1449
1350
1377
1354
1378
1410
1386
1340
1393
1399
1307
1337
1373
1329
1302
1417
1257
1307
1342
1302
1270
1256
1276
1215
1300
1278
1307
1244
1216
1200
1186
1226
1243
1192
1171
1240
1187
1191
1217
1247
1137
1184
1160
1120
1203
1116
1071
1137
1170
1142
1155
1114
1085
1135
1127
1113
1122
1104
1075
1126
1097
1033
1155
1067
1054
1065
1164
1030
1046
1150
1043
1053
1126
1039
1065
1100
1067
1122
1080
1078
1103
1082
1072
1122
1113
1078
1120
1123
1081
1091
1120
1152
1168
1211
1102
1143
1218
1199
1168
1227
1234
1196
1257
1262
1311
1298
1247
1350
1348
1323
1348
1330
1367
1360
1389
1365
1482
1423
1358
1478
1497
1367
1470
1531
1459
1542
1562
1520
1611
1605
1562
1550
1619
1663
1706
1670
1656
1722
1731
1727
1830
1839
1761
1819
1839
1826
1869
1896
1819
1839
1877
1901
1939
1912
1954
1919
1930
1981
1966
1915
1966
2073
1996
2005
2110
2043
2029
2181
2080
2098
2121
2113
2179
2170
2190
2145
2227
2248
2192
2298
2262
2241
2260
2286
2297
2309
2377
2301
2381
2353
2312
2422
2317
2336
2394
2354
2369
2395
2398
2417
2385
2444
2473
2470
2485
2510
2482
2474
2498
2479
2534
2544
2563
2544
2561
2609
2506
2547
2530
2505
2548
2565
2539
2468
2518
2561
2530
2550
2524
2477
2528
2536
2558
2490
2528
2477
2522
2428
2419
2403
2444
2390
2468
2393
2353
2435
2409
2389
2392
2368
2408
2377
2362
2393
2417
2376
2311
2370
2377
2365
2346
2269
2216
2279
2294
2245
2265
2244
2192
2222
2090
2112
2128
2118
2086
2160
2110
2032
2060
2063
2082
2063
2088
2017
2019
2021
1964
2011
1854
1949
1936
1884
1902
1884
1882
1848
1953
1798
1803
1820
1704
1754
1790
1709
1704
1767
1677
1556
1685
1631
1637
1587
1594
1531
1564
1499
1558
1553
1525
1500
1584
1489
1473
1508
1421
1414
1523
1452
1369
1353
1427
1331
1320
1335
1317
1320
1350
1309
1341
1327
1215
1288
1202
1226
1217
1197
1236
1212
1099
1139
1180
1119
1118
1120
1088
1094
1041
986
1091
1041
988
1031
1046
965
1014
976
953
978
992
975
881
972
899
887
916
885
858
907
876
795
919
849
837
806
783
815
838
826
796
805
700
758
800
766
695
722
714
722
740
690
717
713
657
676
716
634
689
665
623
666
618
625
635
655
548
610
623
562
647
594
541
599
617
541
596
594
513
502
608
518
499
538
521
507
516
498
483
524
449
475
498
477
424
509
440
424
432
444
419
444
426
382
457
399
430
409
353
385
448
391
392
411
433
378
349
401
379
333
332
343
371
360
411
350
300
339
340
288
335
381
271
311
335
259
355
301
298
276
323
271
325
290
288
292
336
271
296
277
224
258
268
260
265
272
249
212
312
269
196
301
245
209
258
214
181
272
229
206
245
178
210
240
188
276
240
174
191
210
227
199
211
162
209
234
191
202
190
175
181
192
197
155
134
168
190
206
141
185
210
127
209
155
143
127
177
127
163
211
111
123
185
124
194
170
128
129
173
156
169
133
136
156
151
128
121
129
155
69
173
94
140
130
110
111
195
120
103
147
117
121
84
129
80
89
112
110
131
141
144
110
107
141
47
118
116
92
103
137
105
4
57
129
59
108
129
74
108
102
82
81
122
63
81
127
94
78
80
52
97
94
79
78
100
48
57
104
95
74
74
49
63
80
67
99
107
89
63
111
109
39
66
81
67
109
47
88
72
70
108
77
50
82
65
79
78
47
30
61
47
49
77
109
117
103
86
42
113
68
1
152
69
16
91
105
61
87
96
34
75
73
26
60
118
49
56
98
72
61
39
28
41
108
54
67
59
25
88
26
8
41
42
36
50
83
43
49
55
33
54
61
6
44
50
72
54
49
26
56
15
47
40
37
0
51
80
0
111
58
41
90
68
35
19
35
0
53
91
12
89
66
26
97
91
32
47
29
8
59
108
24
64
73
9
49
38
24
53
86
8
32
95
22
45
82
16
61
72
35
53
46
25
60
5
38
42
5
8
71
88
11
67
53
12
40
57
38
78
67
25
49
77
1
42
61
38
87
39
40
50
35
3
22
78
32
65
61
56
47
59
1
11
89
9
29
58
16
22
73
22
58
3
19
8
5
48
78
65
1
26
16
9
40
14
28
37
3
59
23
58
19
13
67
17
51
39
9
54
40
12
78
28
29
68
16
45
83
23
1
104
55
7
37
47
1
22
25
0
25
52
40
45
23
13
55
44
15
55
13
9
33
19
15
24
32
14
13
24
6
30
19
29
67
34
48
37
17
52
48
19
7
95
11
30
38
48
26
117
26
7
50
23
43
25
38
21
42
35
26
18
5
26
59
25
33
75
5
20
36
1
23
23
5
40
98
34
10
43
41
2
22
33
4
44
47
7
30
21
25
38
21
56
62
29
14
30
24
2
58
10
20
60
15
10
35
9
24
24
40
3
13
21
19
59
52
18
103
29
42
41
26
8
64
46
23
70
27
28
93
2
14
28
25
21
34
54
13
54
31
19
40
14
1
36
14
1
27
22
17
34
7
19
19
6
3
33
0
6
9
19
15
29
2
10
26
6
31
40
0
16
57
23
47
16
2
10
74
29
27
77
23
13
68
24
16
6
4
40
20
55
13
59
32
6
46
28
7
36
0
30
17
8
6
56
28
4
35
20
4
39
16
33