1.24964
1.24969
1.24973
1.24978
1.24982
1.24986
1.24991
1.24995
1.25
1.25004
1.25008
1.25013
1.25017
1.25022
1.25026
1.2503
1.25035
1.25039
1.25044
1.25048
1.25052
1.25057
1.25061
1.25066
1.2507
1.25074
1.25079
1.25083
1.25088
1.25092
1.25096
1.25101
1.25105
1.2511
1.25114
1.25118
1.25123
1.25127
1.25132
1.25136
1.25141
1.25145
1.25149
1.25154
1.25158
1.25163
1.25167
1.25171
1.25176
1.2518
1.25185
1.25189
1.25194
1.25198
1.25202
1.25207
1.25211
1.25216
1.2522
1.25225
1.25229
1.25233
1.25238
1.25242
1.25247
1.25251
1.25256
1.2526
1.25265
1.25269
1.25273
1.25278
1.25282
1.25287
1.25291
1.25296
1.253
1.25305
1.25309
1.25313
1.25318
1.25322
1.25327
1.25331
1.25336
1.2534
1.25345
1.25349
1.25353
1.25358
1.25362
1.25367
1.25371
1.25376
1.2538
1.25385
1.25389
1.25394
1.25398
1.25403
1.25407
1.25411
1.25416
1.2542
1.25425
1.25429
1.25434
1.25438
1.25443
1.25447
1.25452
1.25456
1.25461
1.25465
1.2547
1.25474
1.25479
1.25483
1.25488
1.25492
1.25496
1.25501
1.25505
1.2551
1.25514
1.25519
1.25523
1.25528
1.25532
1.25537
1.25541
1.25546
1.2555
1.25555
1.25559
1.25564
1.25568
1.25573
1.25577
1.25582
1.25586
1.25591
1.25595
1.256
1.25604
1.25609
1.25613
1.25618
1.25622
1.25627
1.25631
1.25636
1.2564
1.25645
1.25649
1.25654
1.25658
1.25663
1.25667
1.25672
1.25676
1.25681
1.25685
1.2569
1.25694
1.25699
1.25703
1.25708
1.25712
1.25717
1.25722
1.25726
1.25731
1.25735
1.2574
1.25744
1.25749
1.25753
1.25758
1.25762
1.25767
1.25771
1.25776
1.2578
1.25785
1.25789
1.25794
1.25799
1.25803
1.25808
1.25812
1.25817
1.25821
1.25826
1.2583
1.25835
1.25839
1.25844
1.25848
1.25853
1.25858
1.25862
1.25867
1.25871
1.25876
1.2588
1.25885
1.25889
1.25894
1.25898
1.25903
1.25908
1.25912
1.25917
1.25921
1.25926
1.2593
1.25935
1.25939
1.25944
1.25949
1.25953
1.25958
1.25962
1.25967
1.25971
1.25976
1.25981
1.25985
1.2599
1.25994
1.25999
1.26003
1.26008
1.26013
1.26017
1.26022
1.26026
1.26031
1.26035
1.2604
1.26045
1.26049
1.26054
1.26058
1.26063
1.26067
1.26072
1.26077
1.26081
1.26086
1.2609
1.26095
1.261
1.26104
1.26109
1.26113
1.26118
1.26123
1.26127
1.26132
1.26136
1.26141
1.26145
1.2615
1.26155
1.26159
1.26164
1.26168
1.26173
1.26178
1.26182
1.26187
1.26191
1.26196
1.26201
1.26205
1.2621
1.26215
1.26219
1.26224
1.26228
1.26233
1.26238
1.26242
1.26247
1.26251
1.26256
1.26261
1.26265
1.2627
1.26274
1.26279
1.26284
1.26288
1.26293
1.26298
1.26302
1.26307
1.26311
1.26316
1.26321
1.26325
1.2633
1.26335
1.26339
1.26344
1.26348
1.26353
1.26358
1.26362
1.26367
1.26372
1.26376
1.26381
1.26386
1.2639
1.26395
1.26399
1.26404
1.26409
1.26413
1.26418
1.26423
1.26427
1.26432
1.26437
1.26441
1.26446
1.26451
1.26455
1.2646
1.26465
1.26469
1.26474
1.26478
1.26483
1.26488
1.26492
1.26497
1.26502
1.26506
1.26511
1.26516
1.2652
1.26525
1.2653
1.26534
1.26539
1.26544
1.26548
1.26553
1.26558
1.26562
1.26567
1.26572
1.26576
1.26581
1.26586
1.2659
1.26595
1.266
1.26604
1.26609
1.26614
1.26618
1.26623
1.26628
1.26633
1.26637
1.26642
1.26647
1.26651
1.26656
1.26661
1.26665
1.2667
1.26675
1.26679
1.26684
1.26689
1.26693
1.26698
1.26703
1.26708
1.26712
1.26717
1.26722
1.26726
1.26731
1.26736
1.2674
1.26745
1.2675
1.26754
1.26759
1.26764
1.26769
1.26773
1.26778
1.26783
1.26787
1.26792
1.26797
1.26802
1.26806
1.26811
1.26816
1.2682
1.26825
1.2683
1.26835
1.26839
1.26844
1.26849
1.26853
1.26858
1.26863
1.26868
1.26872
1.26877
1.26882
1.26886
1.26891
1.26896
1.26901
1.26905
1.2691
1.26915
1.2692
1.26924
1.26929
1.26934
1.26939
1.26943
1.26948
1.26953
1.26957
1.26962
1.26967
1.26972
1.26976
1.26981
1.26986
1.26991
1.26995
1.27
1.27005
1.2701
1.27014
1.27019
1.27024
1.27029
1.27033
1.27038
1.27043
1.27048
1.27052
1.27057
1.27062
1.27067
1.27071
1.27076
1.27081
1.27086
1.2709
1.27095
1.271
1.27105
1.27109
1.27114
1.27119
1.27124
1.27129
1.27133
1.27138
1.27143
1.27148
1.27152
1.27157
1.27162
1.27167
1.27171
1.27176
1.27181
1.27186
1.27191
1.27195
1.272
1.27205
1.2721
1.27214
1.27219
1.27224
1.27229
1.27234
1.27238
1.27243
1.27248
1.27253
1.27258
1.27262
1.27267
1.27272
1.27277
1.27282
1.27286
1.27291
1.27296
1.27301
1.27305
1.2731
1.27315
1.2732
1.27325
1.27329
1.27334
1.27339
1.27344
1.27349
1.27353
1.27358
1.27363
1.27368
1.27373
1.27378
1.27382
1.27387
1.27392
1.27397
1.27402
1.27406
1.27411
1.27416
1.27421
1.27426
1.27431
1.27435
1.2744
1.27445
1.2745
1.27455
1.27459
1.27464
1.27469
1.27474
1.27479
1.27484
1.27488
1.27493
1.27498
1.27503
1.27508
1.27513
1.27517
1.27522
1.27527
1.27532
1.27537
1.27542
1.27546
1.27551
1.27556
1.27561
1.27566
1.27571
1.27575
1.2758
1.27585
1.2759
1.27595
1.276
1.27605
1.27609
1.27614
1.27619
1.27624
1.27629
1.27634
1.27638
1.27643
1.27648
1.27653
1.27658
1.27663
1.27668
1.27673
1.27677
1.27682
1.27687
1.27692
1.27697
1.27702
1.27707
1.27711
1.27716
1.27721
1.27726
1.27731
1.27736
1.27741
1.27745
1.2775
1.27755
1.2776
1.27765
1.2777
1.27775
1.2778
1.27785
1.27789
1.27794
1.27799
1.27804
1.27809
1.27814
1.27819
1.27824
1.27828
1.27833
1.27838
1.27843
1.27848
1.27853
1.27858
1.27863
1.27868
1.27872
1.27877
1.27882
1.27887
1.27892
1.27897
1.27902
1.27907
1.27912
1.27917
1.27921
1.27926
1.27931
1.27936
1.27941
1.27946
1.27951
1.27956
1.27961
1.27966
1.27971
1.27975
1.2798
1.27985
1.2799
1.27995
1.28
1.28005
1.2801
1.28015
1.2802
1.28025
1.2803
1.28034
1.28039
1.28044
1.28049
1.28054
1.28059
1.28064
1.28069
1.28074
1.28079
1.28084
1.28089
1.28094
1.28099
1.28103
1.28108
1.28113
1.28118
1.28123
1.28128
1.28133
1.28138
1.28143
1.28148
1.28153
1.28158
1.28163
1.28168
1.28173
1.28178
1.28183
1.28187
1.28192
1.28197
1.28202
1.28207
1.28212
1.28217
1.28222
1.28227
1.28232
1.28237
1.28242
1.28247
1.28252
1.28257
1.28262
1.28267
1.28272
1.28277
1.28282
1.28287
1.28292
1.28297
1.28302
1.28306
1.28311
1.28316
1.28321
1.28326
1.28331
1.28336
1.28341
1.28346
1.28351
1.28356
1.28361
1.28366
1.28371
1.28376
1.28381
1.28386
1.28391
1.28396
1.28401
1.28406
1.28411
1.28416
1.28421
1.28426
1.28431
1.28436
1.28441
1.28446
1.28451
1.28456
1.28461
1.28466
1.28471
1.28476
1.28481
1.28486
1.28491
1.28496
1.28501
1.28506
1.28511
1.28516
1.28521
1.28526
1.28531
1.28536
1.28541
1.28546
1.28551
1.28556
1.28561
1.28566
1.28571
1.28576
1.28581
1.28586
1.28591
1.28596
1.28601
1.28606
1.28611
1.28616
1.28621
1.28626
1.28631
1.28636
1.28641
1.28646
1.28651
1.28656
1.28661
1.28666
1.28671
1.28677
1.28682
1.28687
1.28692
1.28697
1.28702
1.28707
1.28712
1.28717
1.28722
1.28727
1.28732
1.28737
1.28742
1.28747
1.28752
1.28757
1.28762
1.28767
1.28772
1.28777
1.28782
1.28787
1.28792
1.28798
1.28803
1.28808
1.28813
1.28818
1.28823
1.28828
1.28833
1.28838
1.28843
1.28848
1.28853
1.28858
1.28863
1.28868
1.28873
1.28878
1.28884
1.28889
1.28894
1.28899
1.28904
1.28909
1.28914
1.28919
1.28924
1.28929
1.28934
1.28939
1.28944
1.28949
1.28955
1.2896
1.28965
1.2897
1.28975
1.2898
1.28985
1.2899
1.28995
1.29
1.29005
1.2901
1.29016
1.29021
1.29026
1.29031
1.29036
1.29041
1.29046
1.29051
1.29056
1.29061
1.29066
1.29072
1.29077
1.29082
1.29087
1.29092
1.29097
1.29102
1.29107
1.29112
1.29117
1.29123
1.29128
1.29133
1.29138
1.29143
1.29148
1.29153
1.29158
1.29163
1.29169
1.29174
1.29179
1.29184
1.29189
1.29194
1.29199
1.29204
1.2921
1.29215
1.2922
1.29225
1.2923
1.29235
1.2924
1.29245
1.29251
1.29256
1.29261
1.29266
1.29271
1.29276
1.29281
1.29286
1.29292
1.29297
1.29302
1.29307
1.29312
1.29317
1.29322
1.29328
1.29333
1.29338
1.29343
1.29348
1.29353
1.29358
1.29364
1.29369
1.29374
1.29379
1.29384
1.29389
1.29394
1.294
1.29405
1.2941
1.29415
1.2942
1.29425
1.29431
1.29436
1.29441
1.29446
1.29451
1.29456
1.29462
1.29467
1.29472
1.29477
1.29482
1.29487
1.29493
1.29498
1.29503
1.29508
1.29513
1.29518
1.29524
1.29529
1.29534
1.29539
1.29544
1.29549
1.29555
1.2956
1.29565
1.2957
1.29575
1.29581
1.29586
1.29591
1.29596
1.29601
1.29606
1.29612
1.29617
1.29622
1.29627
1.29632
1.29638
1.29643
1.29648
1.29653
1.29658
1.29664
1.29669
1.29674
1.29679
1.29684
1.2969
1.29695
1.297
1.29705
1.2971
1.29716
1.29721
1.29726
1.29731
1.29736
1.29742
1.29747
1.29752
1.29757
1.29762
1.29768
1.29773
1.29778
1.29783
1.29789
1.29794
1.29799
1.29804
1.29809
1.29815
1.2982
1.29825
1.2983
1.29836
1.29841
1.29846
1.29851
1.29856
1.29862
1.29867
1.29872
1.29877
1.29883
1.29888
1.29893
1.29898
1.29904
1.29909
1.29914
1.29919
1.29925
1.2993
1.29935
1.2994
1.29946
1.29951
1.29956
1.29961
1.29966
1.29972
1.29977
1.29982
1.29987
1.29993
1.29998
1.30003
1.30009
1.30014
1.30019
1.30024
1.3003
1.30035
1.3004
1.30045
1.30051
1.30056
1.30061
1.30066
1.30072
1.30077
1.30082
1.30087
1.30093
1.30098
1.30103
1.30109
1.30114
1.30119
1.30124
1.3013
1.30135
1.3014
1.30145
1.30151
1.30156
1.30161
1.30167
1.30172
1.30177
1.30182
1.30188
1.30193
1.30198
1.30204
1.30209
1.30214
1.30219
1.30225
1.3023
1.30235
1.30241
1.30246
1.30251
1.30256
1.30262
1.30267
1.30272
1.30278
1.30283
1.30288
1.30294
1.30299
1.30304
1.30309
1.30315
1.3032
1.30325
1.30331
1.30336
1.30341
1.30347
1.30352
1.30357
1.30363
1.30368
1.30373
1.30379
1.30384
1.30389
1.30394
1.304
1.30405
1.3041
1.30416
1.30421
1.30426
1.30432
1.30437
1.30442
1.30448
1.30453
1.30458
1.30464
1.30469
1.30474
1.3048
1.30485
1.3049
1.30496
1.30501
1.30506
1.30512
1.30517
1.30522
1.30528
1.30533
1.30538
1.30544
1.30549
1.30554
1.3056
1.30565
1.30571
1.30576
1.30581
1.30587
1.30592
1.30597
1.30603
1.30608
1.30613
1.30619
1.30624
1.30629
1.30635
1.3064
1.30645
1.30651
1.30656
1.30662
1.30667
1.30672
1.30678
1.30683
1.30688
1.30694
1.30699
1.30705
1.3071
1.30715
1.30721
1.30726
1.30731
1.30737
1.30742
1.30747
1.30753
1.30758
1.30764
1.30769
1.30774
1.3078
1.30785
1.30791
1.30796
1.30801
1.30807
1.30812
1.30817
1.30823
1.30828
1.30834
1.30839
1.30844
1.3085
1.30855
1.30861
1.30866
1.30871
1.30877
1.30882
1.30888
1.30893
1.30898
1.30904
1.30909
1.30915
1.3092
1.30925
1.30931
1.30936
1.30942
1.30947
1.30953
1.30958
1.30963
1.30969
1.30974
1.3098
1.30985
1.3099
1.30996
1.31001
1.31007
1.31012
1.31018
1.31023
1.31028
1.31034
1.31039
1.31045
1.3105
1.31055
1.31061
1.31066
1.31072
1.31077
1.31083
1.31088
1.31094
1.31099
1.31104
1.3111
1.31115
1.31121
1.31126
1.31132
1.31137
1.31142
1.31148
1.31153
1.31159
1.31164
1.3117
1.31175
1.31181
1.31186
1.31191
1.31197
1.31202
1.31208
1.31213
1.31219
1.31224
1.3123
1.31235
1.31241
1.31246
1.31252
1.31257
1.31262
1.31268
1.31273
1.31279
1.31284
1.3129
1.31295
1.31301
1.31306
1.31312
1.31317
1.31323
1.31328
1.31334
1.31339
1.31344
1.3135
1.31355
1.31361
1.31366
1.31372
1.31377
1.31383
1.31388
1.31394
1.31399
1.31405
1.3141
1.31416
1.31421
1.31427
1.31432
1.31438
1.31443
1.31449
1.31454
1.3146
1.31465
1.31471
1.31476
1.31482
1.31487
1.31493
1.31498
1.31504
1.31509
1.31515
1.3152
1.31526
1.31531
1.31537
1.31542
1.31548
1.31553
1.31559
1.31564
1.3157
1.31575
1.31581
1.31586
1.31592
1.31597
1.31603
1.31608
1.31614
1.31619
1.31625
1.31631
1.31636
1.31642
1.31647
1.31653
1.31658
1.31664
1.31669
1.31675
1.3168
1.31686
1.31691
1.31697
1.31702
1.31708
1.31713
1.31719
1.31725
1.3173
1.31736
1.31741
1.31747
1.31752
1.31758
1.31763
1.31769
1.31774
1.3178
1.31786
1.31791
1.31797
1.31802
1.31808
1.31813
1.31819
1.31824
1.3183
1.31835
1.31841
1.31847
1.31852
1.31858
1.31863
1.31869
1.31874
1.3188
1.31886
1.31891
1.31897
1.31902
1.31908
1.31913
1.31919
1.31925
1.3193
1.31936
1.31941
1.31947
1.31952
1.31958
1.31964
1.31969
1.31975
1.3198
1.31986
1.31991
1.31997
1.32003
1.32008
1.32014
1.32019
1.32025
1.32031
1.32036
1.32042
1.32047
1.32053
1.32059
1.32064
1.3207
1.32075
1.32081
1.32087
1.32092
1.32098
1.32103
1.32109
1.32115
1.3212
1.32126
1.32131
1.32137
1.32143
1.32148
1.32154
1.32159
1.32165
1.32171
1.32176
1.32182
1.32187
1.32193
1.32199
1.32204
1.3221
1.32216
1.32221
1.32227
1.32232
1.32238
1.32244
1.32249
1.32255
1.32261
1.32266
1.32272
1.32277
1.32283
1.32289
1.32294
1.323
1.32306
1.32311
1.32317
1.32322
1.32328
1.32334
1.32339
1.32345
1.32351
1.32356
1.32362
1.32368
1.32373
1.32379
1.32385
1.3239
1.32396
1.32401
1.32407
1.32413
1.32418
1.32424
1.3243
1.32435
1.32441
1.32447
1.32452
1.32458
1.32464
1.32469
1.32475
1.32481
1.32486
1.32492
1.32498
1.32503
1.32509
1.32515
1.3252
1.32526
1.32532
1.32537
1.32543
1.32549
1.32554
1.3256
1.32566
1.32571
1.32577
1.32583
1.32588
1.32594
1.326
1.32605
1.32611
1.32617
1.32623
1.32628
1.32634
1.3264
1.32645
1.32651
1.32657
1.32662
1.32668
1.32674
1.32679
1.32685
1.32691
1.32697
1.32702
1.32708
1.32714
1.32719
1.32725
1.32731
1.32736
1.32742
1.32748
1.32754
1.32759
1.32765
1.32771
1.32776
1.32782
1.32788
1.32794
1.32799
1.32805
1.32811
1.32816
1.32822
1.32828
1.32834
1.32839
1.32845
1.32851
1.32856
1.32862
1.32868
1.32874
1.32879
1.32885
1.32891
1.32897
1.32902
1.32908
1.32914
1.32919
1.32925
1.32931
1.32937
1.32942
1.32948
1.32954
1.3296
1.32965
1.32971
1.32977
1.32983
1.32988
1.32994
1.33
1.33006
1.33011
1.33017
1.33023
1.33029
1.33034
1.3304
1.33046
1.33052
1.33057
1.33063
1.33069
1.33075
1.3308
1.33086
1.33092
1.33098
1.33103
1.33109
1.33115
1.33121
1.33127
1.33132
1.33138
1.33144
1.3315
1.33155
1.33161
1.33167
1.33173
1.33179
1.33184
1.3319
1.33196
1.33202
1.33207
1.33213
1.33219
1.33225
1.33231
1.33236
1.33242
1.33248
1.33254
1.33259
1.33265
1.33271
1.33277
1.33283
1.33288
1.33294
1.333
1.33306
1.33312
1.33317
1.33323
1.33329
1.33335
1.33341
1.33346
1.33352
1.33358
1.33364
1.3337
1.33375
1.33381
1.33387
1.33393
1.33399
1.33405
1.3341
1.33416
1.33422
1.33428
1.33434
1.33439
1.33445
1.33451
1.33457
1.33463
1.33469
1.33474
1.3348
1.33486
1.33492
1.33498
1.33504
1.33509
1.33515
1.33521
1.33527
1.33533
1.33539
1.33544
1.3355
1.33556
1.33562
1.33568
1.33574
1.33579
1.33585
1.33591
1.33597
1.33603
1.33609
1.33614
1.3362
1.33626
1.33632
1.33638
1.33644
1.3365
1.33655
1.33661
1.33667
1.33673
1.33679
1.33685
1.33691
1.33696
1.33702
1.33708
1.33714
1.3372
1.33726
1.33732
1.33737
1.33743
1.33749
1.33755
1.33761
1.33767
1.33773
1.33779
1.33784
1.3379
1.33796
1.33802
1.33808
1.33814
1.3382
1.33826
1.33831
1.33837
1.33843
1.33849
1.33855
1.33861
1.33867
1.33873
1.33879
1.33884
1.3389
1.33896
1.33902
1.33908
1.33914
1.3392
1.33926
1.33932
1.33938
1.33943
1.33949
1.33955
1.33961
1.33967
1.33973
1.33979
1.33985
1.33991
1.33997
1.34003
1.34008
1.34014
1.3402
1.34026
1.34032
1.34038
1.34044
1.3405
1.34056
1.34062
1.34068
1.34074
1.34079
1.34085
1.34091
1.34097
1.34103
1.34109
1.34115
1.34121
1.34127
1.34133
1.34139
1.34145
1.34151
1.34157
1.34162
1.34168
1.34174
1.3418
1.34186
1.34192
1.34198
1.34204
1.3421
1.34216
1.34222
1.34228
1.34234
1.3424
1.34246
1.34252
1.34258
1.34264
1.34269
1.34275
1.34281
1.34287
1.34293
1.34299
1.34305
1.34311
1.34317
1.34323
1.34329
1.34335
1.34341
1.34347
1.34353
1.34359
1.34365
1.34371
1.34377
1.34383
1.34389
1.34395
1.34401
1.34407
1.34413
1.34419
1.34425
1.34431
1.34437
1.34443
1.34449
1.34455
1.34461
1.34467
1.34472
1.34478
1.34484
1.3449
1.34496
1.34502
1.34508
1.34514
1.3452
1.34526
1.34532
1.34538
1.34544
1.3455
1.34556
1.34562
1.34568
1.34574
1.3458
1.34586
1.34592
1.34598
1.34604
1.3461
1.34616
1.34622
1.34628
1.34634
1.34641
1.34647
1.34653
1.34659
1.34665
1.34671
1.34677
1.34683
1.34689
1.34695
1.34701
1.34707
1.34713
1.34719
1.34725
1.34731
1.34737
1.34743
1.34749
1.34755
1.34761
1.34767
1.34773
1.34779
1.34785
1.34791
1.34797
1.34803
1.34809
1.34815
1.34821
1.34827
1.34833
1.3484
1.34846
1.34852
1.34858
1.34864
1.3487
1.34876
1.34882
1.34888
1.34894
1.349
1.34906
1.34912
1.34918
1.34924
1.3493
1.34936
1.34942
1.34949
1.34955
1.34961
1.34967
1.34973
1.34979
1.34985
1.34991
1.34997
1.35003
1.35009
1.35015
1.35021
1.35027
1.35034
1.3504
1.35046
1.35052
1.35058
1.35064
1.3507
1.35076
1.35082
1.35088
1.35094
1.351
1.35107
1.35113
1.35119
1.35125
1.35131
1.35137
1.35143
1.35149
1.35155
1.35161
1.35167
1.35174
1.3518
1.35186
1.35192
1.35198
1.35204
1.3521
1.35216
1.35222
1.35229
1.35235
1.35241
1.35247
1.35253
1.35259
1.35265
1.35271
1.35277
1.35284
1.3529
1.35296
1.35302
1.35308
1.35314
1.3532
1.35326
1.35333
1.35339
1.35345
1.35351
1.35357
1.35363
1.35369
1.35375
1.35382
1.35388
1.35394
1.354
1.35406
1.35412
1.35418
1.35425
1.35431
1.35437
1.35443
1.35449
1.35455
1.35461
1.35468
1.35474
1.3548
1.35486
1.35492
1.35498
1.35504
1.35511
1.35517
1.35523
1.35529
1.35535
1.35541
1.35548
1.35554
1.3556
1.35566
1.35572
1.35578
1.35585
1.35591
1.35597
1.35603
1.35609
1.35615
1.35622
1.35628
1.35634
1.3564
1.35646
1.35652
1.35659
1.35665
1.35671
1.35677
1.35683
1.3569
1.35696
1.35702
1.35708
1.35714
1.3572
1.35727
1.35733
1.35739
1.35745
1.35751
1.35758
1.35764
1.3577
1.35776
1.35782
1.35789
1.35795
1.35801
1.35807
1.35813
1.3582
1.35826
1.35832
1.35838
1.35844
1.35851
1.35857
1.35863
1.35869
1.35876
1.35882
1.35888
1.35894
1.359
1.35907
1.35913
1.35919
1.35925
1.35931
1.35938
1.35944
1.3595
1.35956
1.35963
1.35969
1.35975
1.35981
1.35988
1.35994
1.36
1.36006
1.36012
1.36019
1.36025
1.36031
1.36037
1.36044
1.3605
1.36056
1.36062
1.36069
1.36075
1.36081
1.36087
1.36094
1.361
1.36106
1.36112
1.36119
1.36125
1.36131
1.36137
1.36144
1.3615
1.36156
1.36162
1.36169
1.36175
1.36181
1.36187
1.36194
1.362
1.36206
1.36213
1.36219
1.36225
1.36231
1.36238
1.36244
1.3625
1.36256
1.36263
1.36269
1.36275
1.36282
1.36288
1.36294
1.363
1.36307
1.36313
1.36319
1.36326
1.36332
1.36338
1.36344
1.36351
1.36357
1.36363
1.3637
1.36376
1.36382
1.36388
1.36395
1.36401
1.36407
1.36414
1.3642
1.36426
1.36433
1.36439
1.36445
1.36451
1.36458
1.36464
1.3647
1.36477
1.36483
1.36489
1.36496
1.36502
1.36508
1.36515
1.36521
1.36527
1.36534
1.3654
1.36546
1.36552
1.36559
1.36565
1.36571
1.36578
1.36584
1.3659
1.36597
1.36603
1.36609
1.36616
1.36622
1.36628
1.36635
1.36641
1.36647
1.36654
1.3666
1.36666
1.36673
1.36679
1.36685
1.36692
1.36698
1.36705
1.36711
1.36717
1.36724
1.3673
1.36736
1.36743
1.36749
1.36755
1.36762
1.36768
1.36774
1.36781
1.36787
1.36793
1.368
1.36806
1.36813
1.36819
1.36825
1.36832
1.36838
1.36844
1.36851
1.36857
1.36864
1.3687
1.36876
1.36883
1.36889
1.36895
1.36902
1.36908
1.36915
1.36921
1.36927
1.36934
1.3694
1.36946
1.36953
1.36959
1.36966
1.36972
1.36978
1.36985
1.36991
1.36998
1.37004
1.3701
1.37017
1.37023
1.3703
1.37036
1.37042
1.37049
1.37055
1.37062
1.37068
1.37074
1.37081
1.37087
1.37094
1.371
1.37106
1.37113
1.37119
1.37126
1.37132
1.37139
1.37145
1.37151
1.37158
1.37164
1.37171
1.37177
1.37183
1.3719
1.37196
1.37203
1.37209
1.37216
1.37222
1.37228
1.37235
1.37241
1.37248
1.37254
1.37261
1.37267
1.37274
1.3728
1.37286
1.37293
1.37299
1.37306
1.37312
1.37319
1.37325
1.37332
1.37338
1.37344
1.37351
1.37357
1.37364
1.3737
1.37377
1.37383
1.3739
1.37396
1.37403
1.37409
1.37415
1.37422
1.37428
1.37435
1.37441
1.37448
1.37454
1.37461
1.37467
1.37474
1.3748
1.37487
1.37493
1.375
1.37506
1.37512
1.37519
1.37525
1.37532
1.37538
1.37545
1.37551
1.37558
1.37564
1.37571
1.37577
1.37584
1.3759
1.37597
1.37603
1.3761
1.37616
1.37623
1.37629
1.37636
1.37642
1.37649
1.37655
1.37662
1.37668
1.37675
1.37681
1.37688
1.37694
1.37701
1.37707
1.37714
1.3772
1.37727
1.37733
1.3774
1.37746
1.37753
1.37759
1.37766
1.37772
1.37779
1.37785
1.37792
1.37798
1.37805
1.37812
1.37818
1.37825
1.37831
1.37838
1.37844
1.37851
1.37857
1.37864
1.3787
1.37877
1.37883
1.3789
1.37896
1.37903
1.3791
1.37916
1.37923
1.37929
1.37936
1.37942
1.37949
1.37955
1.37962
1.37968
1.37975
1.37982
1.37988
1.37995
1.38001
1.38008
1.38014
1.38021
1.38027
1.38034
1.38041
1.38047
1.38054
1.3806
1.38067
1.38073
1.3808
1.38087
1.38093
1.381
1.38106
1.38113
1.38119
1.38126
1.38133
1.38139
1.38146
1.38152
1.38159
1.38165
1.38172
1.38179
1.38185
1.38192
1.38198
1.38205
1.38212
1.38218
1.38225
1.38231
1.38238
1.38244
1.38251
1.38258
1.38264
1.38271
1.38277
1.38284
1.38291
1.38297
1.38304
1.3831
1.38317
1.38324
1.3833
1.38337
1.38344
1.3835
1.38357
1.38363
1.3837
1.38377
1.38383
1.3839
1.38396
1.38403
1.3841
1.38416
1.38423
1.3843
1.38436
1.38443
1.38449
1.38456
1.38463
1.38469
1.38476
1.38483
1.38489
1.38496
1.38502
1.38509
1.38516
1.38522
1.38529
1.38536
1.38542
1.38549
1.38556
1.38562
1.38569
1.38576
1.38582
1.38589
1.38596
1.38602
1.38609
1.38615
1.38622
1.38629
1.38635
1.38642
1.38649
1.38655
1.38662
1.38669
1.38675
1.38682
1.38689
1.38695
1.38702
1.38709
1.38715
1.38722
1.38729
1.38735
1.38742
1.38749
1.38755
1.38762
1.38769
1.38775
1.38782
1.38789
1.38796
1.38802
1.38809
1.38816
1.38822
1.38829
1.38836
1.38842
1.38849
1.38856
1.38862
1.38869
1.38876
1.38882
1.38889
1.38896
1.38903
1.38909
1.38916
1.38923
1.38929
1.38936
1.38943
1.3895
1.38956
1.38963
1.3897
1.38976
1.38983
1.3899
1.38996
1.39003
1.3901
1.39017
1.39023
1.3903
1.39037
1.39044
1.3905
1.39057
1.39064
1.3907
1.39077
1.39084
1.39091
1.39097
1.39104
1.39111
1.39118
1.39124
1.39131
1.39138
1.39145
1.39151
1.39158
1.39165
1.39171
1.39178
1.39185
1.39192
1.39198
1.39205
1.39212
1.39219
1.39225
1.39232
1.39239
1.39246
1.39252
1.39259
1.39266
1.39273
1.39279
1.39286
1.39293
1.393
1.39307
1.39313
1.3932
1.39327
1.39334
1.3934
1.39347
1.39354
1.39361
1.39367
1.39374
1.39381
1.39388
1.39395
1.39401
1.39408
1.39415
1.39422
1.39428
1.39435
1.39442
1.39449
1.39456
1.39462
1.39469
1.39476
1.39483
1.3949
1.39496
1.39503
1.3951
1.39517
1.39524
1.3953
1.39537
1.39544
1.39551
1.39558
1.39564
1.39571
1.39578
1.39585
1.39592
1.39598
1.39605
1.39612
1.39619
1.39626
1.39633
1.39639
1.39646
1.39653
1.3966
1.39667
1.39673
1.3968
1.39687
1.39694
1.39701
1.39708
1.39714
1.39721
1.39728
1.39735
1.39742
1.39749
1.39755
1.39762
1.39769
1.39776
1.39783
1.3979
1.39796
1.39803
1.3981
1.39817
1.39824
1.39831
1.39838
1.39844
1.39851
1.39858
1.39865
1.39872
1.39879
1.39886
1.39892
1.39899
1.39906
1.39913
1.3992
1.39927
1.39934
1.3994
1.39947
1.39954
1.39961
1.39968
1.39975
1.39982
1.39989
1.39995
1.40002
1.40009
1.40016
1.40023
1.4003
1.40037
1.40044
1.4005
1.40057
1.40064
1.40071
1.40078
1.40085
1.40092
1.40099
1.40106
1.40112
1.40119
1.40126
1.40133
1.4014
1.40147
1.40154
1.40161
1.40168
1.40175
1.40181
1.40188
1.40195
1.40202
1.40209
1.40216
1.40223
1.4023
1.40237
1.40244
1.40251
1.40257
1.40264
1.40271
1.40278
1.40285
1.40292
1.40299
1.40306
1.40313
1.4032
1.40327
1.40334
1.40341
1.40347
1.40354
1.40361
1.40368
1.40375
1.40382
1.40389
1.40396
1.40403
1.4041
1.40417
1.40424
1.40431
1.40438
1.40445
1.40452
1.40459
1.40465
1.40472
1.40479
1.40486
1.40493
1.405
1.40507
1.40514
1.40521
1.40528
1.40535
1.40542
1.40549
1.40556
1.40563
1.4057
1.40577
1.40584
1.40591
1.40598
1.40605
1.40612
1.40619
1.40626
1.40633
1.4064
1.40647
1.40654
1.40661
1.40668
1.40674
1.40681
1.40688
1.40695
1.40702
1.40709
1.40716
1.40723
1.4073
1.40737
1.40744
1.40751
1.40758
1.40765
1.40772
1.40779
1.40786
1.40793
1.408
1.40807
1.40814
1.40821
1.40828
1.40835
1.40842
1.40849
1.40856
1.40863
1.4087
1.40878
1.40885
1.40892
1.40899
1.40906
1.40913
1.4092
1.40927
1.40934
1.40941
1.40948
1.40955
1.40962
1.40969
1.40976
1.40983
1.4099
1.40997
1.41004
1.41011
1.41018
1.41025
1.41032
1.41039
1.41046
1.41053
1.4106
1.41067
1.41074
1.41081
1.41089
1.41096
1.41103
1.4111
1.41117
1.41124
1.41131
1.41138
1.41145
1.41152
1.41159
1.41166
1.41173
1.4118
1.41187
1.41194
1.41201
1.41209
1.41216
1.41223
1.4123
1.41237
1.41244
1.41251
1.41258
1.41265
1.41272
1.41279
1.41286
1.41293
1.41301
1.41308
1.41315
1.41322
1.41329
1.41336
1.41343
1.4135
1.41357
1.41364
1.41371
1.41379
1.41386
1.41393
1.414
1.41407
1.41414
1.41421
1.41428
1.41435
1.41442
1.4145
1.41457
1.41464
1.41471
1.41478
1.41485
1.41492
1.41499
1.41506
1.41514
1.41521
1.41528
1.41535
1.41542
1.41549
1.41556
1.41563
1.41571
1.41578
1.41585
1.41592
1.41599
1.41606
1.41613
1.4162
1.41628
1.41635
1.41642
1.41649
1.41656
1.41663
1.4167
1.41678
1.41685
1.41692
1.41699
1.41706
1.41713
1.41721
1.41728
1.41735
1.41742
1.41749
1.41756
1.41763
1.41771
1.41778
1.41785
1.41792
1.41799
1.41806
1.41814
1.41821
1.41828
1.41835
1.41842
1.41849
1.41857
1.41864
1.41871
1.41878
1.41885
1.41892
1.419
1.41907
1.41914
1.41921
1.41928
1.41936
1.41943
1.4195
1.41957
1.41964
1.41972
1.41979
1.41986
1.41993
1.42
1.42007
1.42015
1.42022
1.42029
1.42036
1.42043
1.42051
1.42058
1.42065
1.42072
1.4208
1.42087
1.42094
1.42101
1.42108
1.42116
1.42123
1.4213
1.42137
1.42144
1.42152
1.42159
1.42166
1.42173
1.42181
1.42188
1.42195
1.42202
1.42209
1.42217
1.42224
1.42231
1.42238
1.42246
1.42253
1.4226
1.42267
1.42275
1.42282
1.42289
1.42296
1.42304
1.42311
1.42318
1.42325
1.42333
1.4234
1.42347
1.42354
1.42362
1.42369
1.42376
1.42383
1.42391
1.42398
1.42405
1.42412
1.4242
1.42427
1.42434
1.42441
1.42449
1.42456
1.42463
1.42471
1.42478
1.42485
1.42492
1.425
1.42507
1.42514
1.42521
1.42529
1.42536
1.42543
1.42551
1.42558
1.42565
1.42572
1.4258
1.42587
1.42594
1.42602
1.42609
1.42616
1.42623
1.42631
1.42638
1.42645
1.42653
1.4266
1.42667
1.42675
1.42682
1.42689
1.42697
1.42704
1.42711
1.42718
1.42726
1.42733
1.4274
1.42748
1.42755
1.42762
1.4277
1.42777
1.42784
1.42792
1.42799
1.42806
1.42814
1.42821
1.42828
1.42836
1.42843
1.4285
1.42858
1.42865
1.42872
1.4288
1.42887
1.42894
1.42902
1.42909
1.42916
1.42924
1.42931
1.42938
1.42946
1.42953
1.4296
1.42968
1.42975
1.42982
1.4299
1.42997
1.43004
1.43012
1.43019
1.43027
1.43034
1.43041
1.43049
1.43056
1.43063
1.43071
1.43078
1.43085
1.43093
1.431
1.43108
1.43115
1.43122
1.4313
1.43137
1.43144
1.43152
1.43159
1.43167
1.43174
1.43181
1.43189
1.43196
1.43204
1.43211
1.43218
1.43226
1.43233
1.43241
1.43248
1.43255
1.43263
1.4327
1.43278
1.43285
1.43292
1.433
1.43307
1.43315
1.43322
1.43329
1.43337
1.43344
1.43352
1.43359
1.43366
1.43374
1.43381
1.43389
1.43396
1.43403
1.43411
1.43418
1.43426
1.43433
1.43441
1.43448
1.43455
1.43463
1.4347
1.43478
1.43485
1.43493
1.435
1.43508
1.43515
1.43522
1.4353
1.43537
1.43545
1.43552
1.4356
1.43567
1.43575
1.43582
1.43589
1.43597
1.43604
1.43612
1.43619
1.43627
1.43634
1.43642
1.43649
1.43657
1.43664
1.43671
1.43679
1.43686
1.43694
1.43701
1.43709
1.43716
1.43724
1.43731
1.43739
1.43746
1.43754
1.43761
1.43769
1.43776
1.43784
1.43791
1.43799
1.43806
1.43813
1.43821
1.43828
1.43836
1.43843
1.43851
1.43858
1.43866
1.43873
1.43881
1.43888
1.43896
1.43903
1.43911
1.43918
1.43926
1.43933
1.43941
1.43948
1.43956
1.43963
1.43971
1.43978
1.43986
1.43994
1.44001
1.44009
1.44016
1.44024
1.44031
1.44039
1.44046
1.44054
1.44061
1.44069
1.44076
1.44084
1.44091
1.44099
1.44106
1.44114
1.44121
1.44129
1.44137
1.44144
1.44152
1.44159
1.44167
1.44174
1.44182
1.44189
1.44197
1.44204
1.44212
1.4422
1.44227
1.44235
1.44242
1.4425
1.44257
1.44265
1.44272
1.4428
1.44288
1.44295
1.44303
1.4431
1.44318
1.44325
1.44333
1.44341
1.44348
1.44356
1.44363
1.44371
1.44378
1.44386
1.44394
1.44401
1.44409
1.44416
1.44424
1.44431
1.44439
1.44447
1.44454
1.44462
1.44469
1.44477
1.44485
1.44492
1.445
1.44507
1.44515
1.44523
1.4453
1.44538
1.44545
1.44553
1.44561
1.44568
1.44576
1.44583
1.44591
1.44599
1.44606
1.44614
1.44622
1.44629
1.44637
1.44644
1.44652
1.4466
1.44667
1.44675
1.44682
1.4469
1.44698
1.44705
1.44713
1.44721
1.44728
1.44736
1.44744
1.44751
1.44759
1.44766
1.44774
1.44782
1.44789
1.44797
1.44805
1.44812
1.4482
1.44828
1.44835
1.44843
1.44851
1.44858
1.44866
1.44874
1.44881
1.44889
1.44897
1.44904
1.44912
1.4492
1.44927
1.44935
1.44943
1.4495
1.44958
1.44966
1.44973
1.44981
1.44989
1.44996
1.45004
1.45012
1.45019
1.45027
1.45035
1.45042
1.4505
1.45058
1.45065
1.45073
1.45081
1.45088
1.45096
1.45104
1.45112
1.45119
1.45127
1.45135
1.45142
1.4515
1.45158
1.45165
1.45173
1.45181
1.45189
1.45196
1.45204
1.45212
1.45219
1.45227
1.45235
1.45243
1.4525
1.45258
1.45266
1.45273
1.45281
1.45289
1.45297
1.45304
1.45312
1.4532
1.45327
1.45335
1.45343
1.45351
1.45358
1.45366
1.45374
1.45382
1.45389
1.45397
1.45405
1.45413
1.4542
1.45428
1.45436
1.45444
1.45451
1.45459
1.45467
1.45475
1.45482
1.4549
1.45498
1.45506
1.45513
1.45521
1.45529
1.45537
1.45544
1.45552
1.4556
1.45568
1.45575
1.45583
1.45591
1.45599
1.45607
1.45614
1.45622
1.4563
1.45638
1.45645
1.45653
1.45661
1.45669
1.45677
1.45684
1.45692
1.457
1.45708
1.45716
1.45723
1.45731
1.45739
1.45747
1.45755
1.45762
1.4577
1.45778
1.45786
1.45794
1.45801
1.45809
1.45817
1.45825
1.45833
1.4584
1.45848
1.45856
1.45864
1.45872
1.45879
1.45887
1.45895
1.45903
1.45911
1.45919
1.45926
1.45934
1.45942
1.4595
1.45958
1.45966
1.45973
1.45981
1.45989
1.45997
1.46005
1.46013
1.4602
1.46028
1.46036
1.46044
1.46052
1.4606
1.46067
1.46075
1.46083
1.46091
1.46099
1.46107
1.46115
1.46122
1.4613
1.46138
1.46146
1.46154
1.46162
1.4617
1.46177
1.46185
1.46193
1.46201
1.46209
1.46217
1.46225
1.46233
1.4624
1.46248
1.46256
1.46264
1.46272
1.4628
1.46288
1.46296
1.46304
1.46311
1.46319
1.46327
1.46335
1.46343
1.46351
1.46359
1.46367
1.46375
1.46382
1.4639
1.46398
1.46406
1.46414
1.46422
1.4643
1.46438
1.46446
1.46454
1.46462
1.46469
1.46477
1.46485
1.46493
1.46501
1.46509
1.46517
1.46525
1.46533
1.46541
1.46549
1.46557
1.46564
1.46572
1.4658
1.46588
1.46596
1.46604
1.46612
1.4662
1.46628
1.46636
1.46644
1.46652
1.4666
1.46668
1.46676
1.46684
1.46692
1.46699
1.46707
1.46715
1.46723
1.46731
1.46739
1.46747
1.46755
1.46763
1.46771
1.46779
1.46787
1.46795
1.46803
1.46811
1.46819
1.46827
1.46835
1.46843
1.46851
1.46859
1.46867
1.46875
1.46883
1.46891
1.46899
1.46907
1.46915
1.46923
1.46931
1.46939
1.46947
1.46955
1.46963
1.46971
1.46979
1.46987
1.46995
1.47002
1.47011
1.47019
1.47027
1.47035
1.47043
1.47051
1.47059
1.47067
1.47075
1.47083
1.47091
1.47099
1.47107
1.47115
1.47123
1.47131
1.47139
1.47147
1.47155
1.47163
1.47171
1.47179
1.47187
1.47195
1.47203
1.47211
1.47219
1.47227
1.47235
1.47243
1.47251
1.47259
1.47267
1.47275
1.47283
1.47291
1.47299
1.47307
1.47315
1.47324
1.47332
1.4734
1.47348
1.47356
1.47364
1.47372
1.4738
1.47388
1.47396
1.47404
1.47412
1.4742
1.47428
1.47436
1.47444
1.47453
1.47461
1.47469
1.47477
1.47485
1.47493
1.47501
1.47509
1.47517
1.47525
1.47533
1.47541
1.47549
1.47558
1.47566
1.47574
1.47582
1.4759
1.47598
1.47606
1.47614
1.47622
1.4763
1.47639
1.47647
1.47655
1.47663
1.47671
1.47679
1.47687
1.47695
1.47703
1.47711
1.4772
1.47728
1.47736
1.47744
1.47752
1.4776
1.47768
1.47776
1.47785
1.47793
1.47801
1.47809
1.47817
1.47825
1.47833
1.47841
1.4785
1.47858
1.47866
1.47874
1.47882
1.4789
1.47898
1.47907
1.47915
1.47923
1.47931
1.47939
1.47947
1.47956
1.47964
1.47972
1.4798
1.47988
1.47996
1.48004
1.48013
1.48021
1.48029
1.48037
1.48045
1.48053
1.48062
1.4807
1.48078
1.48086
1.48094
1.48102
1.48111
1.48119
1.48127
1.48135
1.48143
1.48152
1.4816
1.48168
1.48176
1.48184
1.48193
1.48201
1.48209
1.48217
1.48225
1.48233
1.48242
1.4825
1.48258
1.48266
1.48274
1.48283
1.48291
1.48299
1.48307
1.48316
1.48324
1.48332
1.4834
1.48348
1.48357
1.48365
1.48373
1.48381
1.48389
1.48398
1.48406
1.48414
1.48422
1.48431
1.48439
1.48447
1.48455
1.48464
1.48472
1.4848
1.48488
1.48496
1.48505
1.48513
1.48521
1.48529
1.48538
1.48546
1.48554
1.48562
1.48571
1.48579
1.48587
1.48595
1.48604
1.48612
1.4862
1.48629
1.48637
1.48645
1.48653
1.48662
1.4867
1.48678
1.48686
1.48695
1.48703
1.48711
1.48719
1.48728
1.48736
1.48744
1.48753
1.48761
1.48769
1.48777
1.48786
1.48794
1.48802
1.48811
1.48819
1.48827
1.48835
1.48844
1.48852
1.4886
1.48869
1.48877
1.48885
1.48894
1.48902
1.4891
1.48919
1.48927
1.48935
1.48943
1.48952
1.4896
1.48968
1.48977
1.48985
1.48993
1.49002
1.4901
1.49018
1.49027
1.49035
1.49043
1.49052
1.4906
1.49068
1.49077
1.49085
1.49093
1.49102
1.4911
1.49118
1.49127
1.49135
1.49143
1.49152
1.4916
1.49168
1.49177
1.49185
1.49193
1.49202
1.4921
1.49219
1.49227
1.49235
1.49244
1.49252
1.4926
1.49269
1.49277
1.49285
1.49294
1.49302
1.49311
1.49319
1.49327
1.49336
1.49344
1.49352
1.49361
1.49369
1.49378
1.49386
1.49394
1.49403
1.49411
1.49419
1.49428
1.49436
1.49445
1.49453
1.49461
1.4947
1.49478
1.49487
1.49495
1.49503
1.49512
1.4952
1.49529
1.49537
1.49545
1.49554
1.49562
1.49571
1.49579
1.49588
1.49596
1.49604
1.49613
1.49621
1.4963
1.49638
1.49647
1.49655
1.49663
1.49672
1.4968
1.49689
1.49697
1.49706
1.49714
1.49722
1.49731
1.49739
1.49748
1.49756
1.49765
1.49773
1.49782
1.4979
1.49798
1.49807
1.49815
1.49824
1.49832
1.49841
1.49849
1.49858
1.49866
1.49875
1.49883
1.49891
1.499
1.49908
1.49917
1.49925
1.49934
1.49942
1.49951
1.49959
1.49968
1.49976
1.49985
1.49993
1.50002
1.5001
1.50019
1.50027
1.50036
1.50044
1.50053
1.50061
1.5007
1.50078
1.50087
1.50095
1.50104
1.50112
1.50121
1.50129
1.50138
1.50146
1.50155
1.50163
1.50172
1.5018
1.50189
1.50197
1.50206
1.50214
1.50223
1.50231
1.5024
1.50248
1.50257
1.50265
1.50274
1.50282
1.50291
1.50299
1.50308
1.50317
1.50325
1.50334
1.50342
1.50351
1.50359
1.50368
1.50376
1.50385
1.50393
1.50402
1.5041
1.50419
1.50428
1.50436
1.50445
1.50453
1.50462
1.5047
1.50479
1.50487
1.50496
1.50505
1.50513
1.50522
1.5053
1.50539
1.50547
1.50556
1.50565
1.50573
1.50582
1.5059
1.50599
1.50608
1.50616
1.50625
1.50633
1.50642
1.5065
1.50659
1.50668
1.50676
1.50685
1.50693
1.50702
1.50711
1.50719
1.50728
1.50736
1.50745
1.50754
1.50762
1.50771
1.50779
1.50788
1.50797
1.50805
1.50814
1.50823
1.50831
1.5084
1.50848
1.50857
1.50866
1.50874
1.50883
1.50891
1.509
1.50909
1.50917
1.50926
1.50935
1.50943
1.50952
1.50961
1.50969
1.50978
1.50987
1.50995
1.51004
1.51012
1.51021
1.5103
1.51038
1.51047
1.51056
1.51064
1.51073
1.51082
1.5109
1.51099
1.51108
1.51116
1.51125
1.51134
1.51142
1.51151
1.5116
1.51168
1.51177
1.51186
1.51194
1.51203
1.51212
1.5122
1.51229
1.51238
1.51246
1.51255
1.51264
1.51273
1.51281
1.5129
1.51299
1.51307
1.51316
1.51325
1.51333
1.51342
1.51351
1.5136
1.51368
1.51377
1.51386
1.51394
1.51403
1.51412
1.5142
1.51429
1.51438
1.51447
1.51455
1.51464
1.51473
1.51482
1.5149
1.51499
1.51508
1.51516
1.51525
1.51534
1.51543
1.51551
1.5156
1.51569
1.51578
1.51586
1.51595
1.51604
1.51613
1.51621
1.5163
1.51639
1.51648
1.51656
1.51665
1.51674
1.51683
1.51691
1.517
1.51709
1.51718
1.51726
1.51735
1.51744
1.51753
1.51761
1.5177
1.51779
1.51788
1.51797
1.51805
1.51814
1.51823
1.51832
1.5184
1.51849
1.51858
1.51867
1.51876
1.51884
1.51893
1.51902
1.51911
1.5192
1.51928
1.51937
1.51946
1.51955
1.51964
1.51972
1.51981
1.5199
1.51999
1.52008
1.52016
1.52025
1.52034
1.52043
1.52052
1.5206
1.52069
1.52078
1.52087
1.52096
1.52105
1.52113
1.52122
1.52131
1.5214
1.52149
1.52158
1.52166
1.52175
1.52184
1.52193
1.52202
1.52211
1.52219
1.52228
1.52237
1.52246
1.52255
1.52264
1.52273
1.52281
1.5229
1.52299
1.52308
1.52317
1.52326
1.52335
1.52343
1.52352
1.52361
1.5237
1.52379
1.52388
1.52397
1.52406
1.52414
1.52423
1.52432
1.52441
1.5245
1.52459
1.52468
1.52477
1.52485
1.52494
1.52503
1.52512
1.52521
1.5253
1.52539
1.52548
1.52557
1.52566
1.52574
1.52583
1.52592
1.52601
1.5261
1.52619
1.52628
1.52637
1.52646
1.52655
1.52664
1.52672
1.52681
1.5269
1.52699
1.52708
1.52717
1.52726
1.52735
1.52744
1.52753
1.52762
1.52771
1.5278
1.52789
1.52797
1.52806
1.52815
1.52824
1.52833
1.52842
1.52851
1.5286
1.52869
1.52878
1.52887
1.52896
1.52905
1.52914
1.52923
1.52932
1.52941
1.5295
1.52959
1.52968
1.52977
1.52985
1.52994
1.53003
1.53012
1.53021
1.5303
1.53039
1.53048
1.53057
1.53066
1.53075
1.53084
1.53093
1.53102
1.53111
1.5312
1.53129
1.53138
1.53147
1.53156
1.53165
1.53174
1.53183
1.53192
1.53201
1.5321
1.53219
1.53228
1.53237
1.53246
1.53255
1.53264
1.53273
1.53282
1.53291
1.533
1.53309
1.53318
1.53327
1.53336
1.53345
1.53355
1.53364
1.53373
1.53382
1.53391
1.534
1.53409
1.53418
1.53427
1.53436
1.53445
1.53454
1.53463
1.53472
1.53481
1.5349
1.53499
1.53508
1.53517
1.53526
1.53535
1.53544
1.53554
1.53563
1.53572
1.53581
1.5359
1.53599
1.53608
1.53617
1.53626
1.53635
1.53644
1.53653
1.53662
1.53671
1.53681
1.5369
1.53699
1.53708
1.53717
1.53726
1.53735
1.53744
1.53753
1.53762
1.53771
1.53781
1.5379
1.53799
1.53808
1.53817
1.53826
1.53835
1.53844
1.53853
1.53863
1.53872
1.53881
1.5389
1.53899
1.53908
1.53917
1.53926
1.53936
1.53945
1.53954
1.53963
1.53972
1.53981
1.5399
1.53999
1.54009
1.54018
1.54027
1.54036
1.54045
1.54054
1.54063
1.54073
1.54082
1.54091
1.541
1.54109
1.54118
1.54127
1.54137
1.54146
1.54155
1.54164
1.54173
1.54182
1.54192
1.54201
1.5421
1.54219
1.54228
1.54237
1.54247
1.54256
1.54265
1.54274
1.54283
1.54293
1.54302
1.54311
1.5432
1.54329
1.54338
1.54348
1.54357
1.54366
1.54375
1.54384
1.54394
1.54403
1.54412
1.54421
1.5443
1.5444
1.54449
1.54458
1.54467
1.54477
1.54486
1.54495
1.54504
1.54513
1.54523
1.54532
1.54541
1.5455
1.5456
1.54569
1.54578
1.54587
1.54596
1.54606
1.54615
1.54624
1.54633
1.54643
1.54652
1.54661
1.5467
1.5468
1.54689
1.54698
1.54707
1.54717
1.54726
1.54735
1.54744
1.54754
1.54763
1.54772
1.54781
1.54791
1.548
1.54809
1.54819
1.54828
1.54837
1.54846
1.54856
1.54865
1.54874
1.54883
1.54893
1.54902
1.54911
1.54921
1.5493
1.54939
1.54948
1.54958
1.54967
1.54976
1.54986
1.54995
1.55004
1.55014
1.55023
1.55032
1.55041
1.55051
1.5506
1.55069
1.55079
1.55088
1.55097
1.55107
1.55116
1.55125
1.55135
1.55144
1.55153
1.55163
1.55172
1.55181
1.55191
1.552
1.55209
1.55219
1.55228
1.55237
1.55247
1.55256
1.55265
1.55275
1.55284
1.55293
1.55303
1.55312
1.55321
1.55331
1.5534
1.55349
1.55359
1.55368
1.55378
1.55387
1.55396
1.55406
1.55415
1.55424
1.55434
1.55443
1.55452
1.55462
1.55471
1.55481
1.5549
1.55499
1.55509
1.55518
1.55528
1.55537
1.55546
1.55556
1.55565
1.55574
1.55584
1.55593
1.55603
1.55612
1.55621
1.55631
1.5564
1.5565
1.55659
1.55669
1.55678
1.55687
1.55697
1.55706
1.55716
1.55725
1.55734
1.55744
1.55753
1.55763
1.55772
1.55782
1.55791
1.558
1.5581
1.55819
1.55829
1.55838
1.55848
1.55857
1.55866
1.55876
1.55885
1.55895
1.55904
1.55914
1.55923
1.55933
1.55942
1.55952
1.55961
1.5597
1.5598
1.55989
1.55999
1.56008
1.56018
1.56027
1.56037
1.56046
1.56056
1.56065
1.56075
1.56084
1.56094
1.56103
1.56113
1.56122
1.56131
1.56141
1.5615
1.5616
1.56169
1.56179
1.56188
1.56198
1.56207
1.56217
1.56226
1.56236
1.56245
1.56255
1.56264
1.56274
1.56283
1.56293
1.56303
1.56312
1.56322
1.56331
1.56341
1.5635
1.5636
1.56369
1.56379
1.56388
1.56398
1.56407
1.56417
1.56426
1.56436
1.56445
1.56455
1.56465
1.56474
1.56484
1.56493
1.56503
1.56512
1.56522
1.56531
1.56541
1.5655
1.5656
1.5657
1.56579
1.56589
1.56598
1.56608
1.56617
1.56627
1.56637
1.56646
1.56656
1.56665
1.56675
1.56684
1.56694
1.56704
1.56713
1.56723
1.56732
1.56742
1.56751
1.56761
1.56771
1.5678
1.5679
1.56799
1.56809
1.56819
1.56828
1.56838
1.56847
1.56857
1.56867
1.56876
1.56886
1.56895
1.56905
1.56915
1.56924
1.56934
1.56944
1.56953
1.56963
1.56972
1.56982
1.56992
1.57001
1.57011
1.57021
1.5703
1.5704
1.5705
1.57059
1.57069
1.57078
1.57088
1.57098
1.57107
1.57117
1.57127
1.57136
1.57146
1.57156
1.57165
1.57175
1.57185
1.57194
1.57204
1.57214
1.57223
1.57233
1.57243
1.57252
1.57262
1.57272
1.57281
1.57291
1.57301
1.5731
1.5732
1.5733
1.57339
1.57349
1.57359
1.57368
1.57378
1.57388
1.57398
1.57407
1.57417
1.57427
1.57436
1.57446
1.57456
1.57465
1.57475
1.57485
1.57495
1.57504
1.57514
1.57524
1.57533
1.57543
1.57553
1.57563
1.57572
1.57582
1.57592
1.57602
1.57611
1.57621
1.57631
1.5764
1.5765
1.5766
1.5767
1.57679
1.57689
1.57699
1.57709
1.57718
1.57728
1.57738
1.57748
1.57757
1.57767
1.57777
1.57787
1.57796
1.57806
1.57816
1.57826
1.57836
1.57845
1.57855
1.57865
1.57875
1.57884
1.57894
1.57904
1.57914
1.57924
1.57933
1.57943
1.57953
1.57963
1.57972
1.57982
1.57992
1.58002
1.58012
1.58021
1.58031
1.58041
1.58051
1.58061
1.5807
1.5808
1.5809
1.581
1.5811
1.5812
1.58129
1.58139
1.58149
1.58159
1.58169
1.58178
1.58188
1.58198
1.58208
1.58218
1.58228
1.58237
1.58247
1.58257
1.58267
1.58277
1.58287
1.58296
1.58306
1.58316
1.58326
1.58336
1.58346
1.58356
1.58365
1.58375
1.58385
1.58395
1.58405
1.58415
1.58425
1.58434
1.58444
1.58454
1.58464
1.58474
1.58484
1.58494
1.58504
1.58513
1.58523
1.58533
1.58543
1.58553
1.58563
1.58573
1.58583
1.58593
1.58602
1.58612
1.58622
1.58632
1.58642
1.58652
1.58662
1.58672
1.58682
1.58692
1.58702
1.58711
1.58721
1.58731
1.58741
1.58751
1.58761
1.58771
1.58781
1.58791
1.58801
1.58811
1.58821
1.58831
1.5884
1.5885
1.5886
1.5887
1.5888
1.5889
1.589
1.5891
1.5892
1.5893
1.5894
1.5895
1.5896
1.5897
1.5898
1.5899
1.59
1.5901
1.5902
1.5903
1.5904
1.5905
1.59059
1.59069
1.59079
1.59089
1.59099
1.59109
1.59119
1.59129
1.59139
1.59149
1.59159
1.59169
1.59179
1.59189
1.59199
1.59209
1.59219
1.59229
1.59239
1.59249
1.59259
1.59269
1.59279
1.59289
1.59299
1.59309
1.59319
1.59329
1.59339
1.59349
1.59359
1.59369
1.59379
1.59389
1.594
1.5941
1.5942
1.5943
1.5944
1.5945
1.5946
1.5947
1.5948
1.5949
1.595
1.5951
1.5952
1.5953
1.5954
1.5955
1.5956
1.5957
1.5958
1.5959
1.596
1.59611
1.59621
1.59631
1.59641
1.59651
1.59661
1.59671
1.59681
1.59691
1.59701
1.59711
1.59721
1.59731
1.59741
1.59752
1.59762
1.59772
1.59782
1.59792
1.59802
1.59812
1.59822
1.59832
1.59842
1.59853
1.59863
1.59873
1.59883
1.59893
1.59903
1.59913
1.59923
1.59933
1.59944
1.59954
1.59964
1.59974
1.59984
1.59994
1.60004
1.60014
1.60025
1.60035
1.60045
1.60055
1.60065
1.60075
1.60085
1.60096
1.60106
1.60116
1.60126
1.60136
1.60146
1.60156
1.60167
1.60177
1.60187
1.60197
1.60207
1.60217
1.60228
1.60238
1.60248
1.60258
1.60268
1.60278
1.60289
1.60299
1.60309
1.60319
1.60329
1.6034
1.6035
1.6036
1.6037
1.6038
1.60391
1.60401
1.60411
1.60421
1.60431
1.60442
1.60452
1.60462
1.60472
1.60482
1.60493
1.60503
1.60513
1.60523
1.60533
1.60544
1.60554
1.60564
1.60574
1.60585
1.60595
1.60605
1.60615
1.60625
1.60636
1.60646
1.60656
1.60666
1.60677
1.60687
1.60697
1.60707
1.60718
1.60728
1.60738
1.60748
1.60759
1.60769
1.60779
1.60789
1.608
1.6081
1.6082
1.60831
1.60841
1.60851
1.60861
1.60872
1.60882
1.60892
1.60902
1.60913
1.60923
1.60933
1.60944
1.60954
1.60964
1.60974
1.60985
1.60995
1.61005
1.61016
1.61026
1.61036
1.61047
1.61057
1.61067
1.61077
1.61088
1.61098
1.61108
1.61119
1.61129
1.61139
1.6115
1.6116
1.6117
1.61181
1.61191
1.61201
1.61212
1.61222
1.61232
1.61243
1.61253
1.61263
1.61274
1.61284
1.61294
1.61305
1.61315
1.61325
1.61336
1.61346
1.61356
1.61367
1.61377
1.61388
1.61398
1.61408
1.61419
1.61429
1.61439
1.6145
1.6146
1.61471
1.61481
1.61491
1.61502
1.61512
1.61522
1.61533
1.61543
1.61554
1.61564
1.61574
1.61585
1.61595
1.61606
1.61616
1.61626
1.61637
1.61647
1.61658
1.61668
1.61678
1.61689
1.61699
1.6171
1.6172
1.6173
1.61741
1.61751
1.61762
1.61772
1.61783
1.61793
1.61803
1.61814
1.61824
1.61835
1.61845
1.61856
1.61866
1.61877
1.61887
1.61897
1.61908
1.61918
1.61929
1.61939
1.6195
1.6196
1.61971
1.61981
1.61992
1.62002
1.62012
1.62023
1.62033
1.62044
1.62054
1.62065
1.62075
1.62086
1.62096
1.62107
1.62117
1.62128
1.62138
1.62149
1.62159
1.6217
1.6218
1.62191
1.62201
1.62212
1.62222
1.62233
1.62243
1.62254
1.62264
1.62275
1.62285
1.62296
1.62306
1.62317
1.62327
1.62338
1.62348
1.62359
1.62369
1.6238
1.6239
1.62401
1.62412
1.62422
1.62433
1.62443
1.62454
1.62464
1.62475
1.62485
1.62496
1.62506
1.62517
1.62528
1.62538
1.62549
1.62559
1.6257
1.6258
1.62591
1.62601
1.62612
1.62623
1.62633
1.62644
1.62654
1.62665
1.62675
1.62686
1.62697
1.62707
1.62718
1.62728
1.62739
1.6275
1.6276
1.62771
1.62781
1.62792
1.62803
1.62813
1.62824
1.62834
1.62845
1.62856
1.62866
1.62877
1.62887
1.62898
1.62909
1.62919
1.6293
1.62941
1.62951
1.62962
1.62972
1.62983
1.62994
1.63004
1.63015
1.63026
1.63036
1.63047
1.63057
1.63068
1.63079
1.63089
1.631
1.63111
1.63121
1.63132
1.63143
1.63153
1.63164
1.63175
1.63185
1.63196
1.63207
1.63217
1.63228
1.63239
1.63249
1.6326
1.63271
1.63281
1.63292
1.63303
1.63313
1.63324
1.63335
1.63346
1.63356
1.63367
1.63378
1.63388
1.63399
1.6341
1.6342
1.63431
1.63442
1.63453
1.63463
1.63474
1.63485
1.63495
1.63506
1.63517
1.63528
1.63538
1.63549
1.6356
1.6357
1.63581
1.63592
1.63603
1.63613
1.63624
1.63635
1.63646
1.63656
1.63667
1.63678
1.63689
1.63699
1.6371
1.63721
1.63732
1.63742
1.63753
1.63764
1.63775
1.63785
1.63796
1.63807
1.63818
1.63829
1.63839
1.6385
1.63861
1.63872
1.63882
1.63893
1.63904
1.63915
1.63926
1.63936
1.63947
1.63958
1.63969
1.6398
1.6399
1.64001
1.64012
1.64023
1.64034
1.64044
1.64055
1.64066
1.64077
1.64088
1.64099
1.64109
1.6412
1.64131
1.64142
1.64153
1.64163
1.64174
1.64185
1.64196
1.64207
1.64218
1.64229
1.64239
1.6425
1.64261
1.64272
1.64283
1.64294
1.64304
1.64315
1.64326
1.64337
1.64348
1.64359
1.6437
1.6438
1.64391
1.64402
1.64413
1.64424
1.64435
1.64446
1.64457
1.64467
1.64478
1.64489
1.645
1.64511
1.64522
1.64533
1.64544
1.64555
1.64566
1.64576
1.64587
1.64598
1.64609
1.6462
1.64631
1.64642
1.64653
1.64664
1.64675
1.64686
1.64696
1.64707
1.64718
1.64729
1.6474
1.64751
1.64762
1.64773
1.64784
1.64795
1.64806
1.64817
1.64828
1.64839
1.6485
1.64861
1.64871
1.64882
1.64893
1.64904
1.64915
1.64926
1.64937
1.64948
1.64959
1.6497
1.64981
1.64992
1.65003
1.65014
1.65025
1.65036
1.65047
1.65058
1.65069
1.6508
1.65091
1.65102
1.65113
1.65124
1.65135
1.65146
1.65157
1.65168
1.65179
1.6519
1.65201
1.65212
1.65223
1.65234
1.65245
1.65256
1.65267
1.65278
1.65289
1.653
1.65311
1.65322
1.65333
1.65344
1.65355
1.65366
1.65377
1.65388
1.65399
1.6541
1.65421
1.65432
1.65444
1.65455
1.65466
1.65477
1.65488
1.65499
1.6551
1.65521
1.65532
1.65543
1.65554
1.65565
1.65576
1.65587
1.65598
1.65609
1.65621
1.65632
1.65643
1.65654
1.65665
1.65676
1.65687
1.65698
1.65709
1.6572
1.65731
1.65743
1.65754
1.65765
1.65776
1.65787
1.65798
1.65809
1.6582
1.65831
1.65843
1.65854
1.65865
1.65876
1.65887
1.65898
1.65909
1.6592
1.65932
1.65943
1.65954
1.65965
1.65976
1.65987
1.65998
1.6601
1.66021
1.66032
1.66043
1.66054
1.66065
1.66076
1.66088
1.66099
1.6611
1.66121
1.66132
1.66143
1.66155
1.66166
1.66177
1.66188
1.66199
1.6621
1.66222
1.66233
1.66244
1.66255
1.66266
1.66278
1.66289
1.663
1.66311
1.66322
1.66334
1.66345
1.66356
1.66367
1.66378
1.6639
1.66401
1.66412
1.66423
1.66434
1.66446
1.66457
1.66468
1.66479
1.66491
1.66502
1.66513
1.66524
1.66536
1.66547
1.66558
1.66569
1.66581
1.66592
1.66603
1.66614
1.66626
1.66637
1.66648
1.66659
1.66671
1.66682
1.66693
1.66704
1.66716
1.66727
1.66738
1.66749
1.66761
1.66772
1.66783
1.66795
1.66806
1.66817
1.66828
1.6684
1.66851
1.66862
1.66874
1.66885
1.66896
1.66907
1.66919
1.6693
1.66941
1.66953
1.66964
1.66975
1.66987
1.66998
1.67009
1.67021
1.67032
1.67043
1.67054
1.67066
1.67077
1.67088
1.671
1.67111
1.67122
1.67134
1.67145
1.67157
1.67168
1.67179
1.67191
1.67202
1.67213
1.67225
1.67236
1.67247
1.67259
1.6727
1.67281
1.67293
1.67304
1.67315
1.67327
1.67338
1.6735
1.67361
1.67372
1.67384
1.67395
1.67407
1.67418
1.67429
1.67441
1.67452
1.67463
1.67475
1.67486
1.67498
1.67509
1.6752
1.67532
1.67543
1.67555
1.67566
1.67578
1.67589
1.676
1.67612
1.67623
1.67635
1.67646
1.67658
1.67669
1.6768
1.67692
1.67703
1.67715
1.67726
1.67738
1.67749
1.6776
1.67772
1.67783
1.67795
1.67806
1.67818
1.67829
1.67841
1.67852
1.67864
1.67875
1.67887
1.67898
1.67909
1.67921
1.67932
1.67944
1.67955
1.67967
1.67978
1.6799
1.68001
1.68013
1.68024
1.68036
1.68047
1.68059
1.6807
1.68082
1.68093
1.68105
1.68116
1.68128
1.68139
1.68151
1.68162
1.68174
1.68185
1.68197
1.68208
1.6822
1.68231
1.68243
1.68255
1.68266
1.68278
1.68289
1.68301
1.68312
1.68324
1.68335
1.68347
1.68358
1.6837
1.68382
1.68393
1.68405
1.68416
1.68428
1.68439
1.68451
1.68462
1.68474
1.68486
1.68497
1.68509
1.6852
1.68532
1.68543
1.68555
1.68567
1.68578
1.6859
1.68601
1.68613
1.68625
1.68636
1.68648
1.68659
1.68671
1.68683
1.68694
1.68706
1.68717
1.68729
1.68741
1.68752
1.68764
1.68776
1.68787
1.68799
1.6881
1.68822
1.68834
1.68845
1.68857
1.68869
1.6888
1.68892
1.68903
1.68915
1.68927
1.68938
1.6895
1.68962
1.68973
1.68985
1.68997
1.69008
1.6902
1.69032
1.69043
1.69055
1.69067
1.69078
1.6909
1.69102
1.69113
1.69125
1.69137
1.69148
1.6916
1.69172
1.69184
1.69195
1.69207
1.69219
1.6923
1.69242
1.69254
1.69265
1.69277
1.69289
1.69301
1.69312
1.69324
1.69336
1.69347
1.69359
1.69371
1.69383
1.69394
1.69406
1.69418
1.6943
1.69441
1.69453
1.69465
1.69477
1.69488
1.695
1.69512
1.69524
1.69535
1.69547
1.69559
1.69571
1.69582
1.69594
1.69606
1.69618
1.69629
1.69641
1.69653
1.69665
1.69676
1.69688
1.697
1.69712
1.69724
1.69735
1.69747
1.69759
1.69771
1.69783
1.69794
1.69806
1.69818
1.6983
1.69842
1.69853
1.69865
1.69877
1.69889
1.69901
1.69912
1.69924
1.69936
1.69948
1.6996
1.69972
1.69983
1.69995
1.70007
1.70019
1.70031
1.70043
1.70054
1.70066
1.70078
1.7009
1.70102
1.70114
1.70126
1.70137
1.70149
1.70161
1.70173
1.70185
1.70197
1.70209
1.7022
1.70232
1.70244
1.70256
1.70268
1.7028
1.70292
1.70304
1.70316
1.70327
1.70339
1.70351
1.70363
1.70375
1.70387
1.70399
1.70411
1.70423
1.70435
1.70446
1.70458
1.7047
1.70482
1.70494
1.70506
1.70518
1.7053
1.70542
1.70554
1.70566
1.70578
1.7059
1.70602
1.70613
1.70625
1.70637
1.70649
1.70661
1.70673
1.70685
1.70697
1.70709
1.70721
1.70733
1.70745
1.70757
1.70769
1.70781
1.70793
1.70805
1.70817
1.70829
1.70841
1.70853
1.70865
1.70877
1.70889
1.70901
1.70913
1.70925
1.70937
1.70949
1.70961
1.70973
1.70985
1.70997
1.71009
1.71021
1.71033
1.71045
1.71057
1.71069
1.71081
1.71093
1.71105
1.71117
1.71129
1.71141
1.71153
1.71165
1.71177
1.71189
1.71201
1.71213
1.71225
1.71237
1.71249
1.71261
1.71273
1.71285
1.71298
1.7131
1.71322
1.71334
1.71346
1.71358
1.7137
1.71382
1.71394
1.71406
1.71418
1.7143
1.71442
1.71455
1.71467
1.71479
1.71491
1.71503
1.71515
1.71527
1.71539
1.71551
1.71563
1.71576
1.71588
1.716
1.71612
1.71624
1.71636
1.71648
1.7166
1.71672
1.71685
1.71697
1.71709
1.71721
1.71733
1.71745
1.71757
1.7177
1.71782
1.71794
1.71806
1.71818
1.7183
1.71842
1.71855
1.71867
1.71879
1.71891
1.71903
1.71915
1.71928
1.7194
1.71952
1.71964
1.71976
1.71988
1.72001
1.72013
1.72025
1.72037
1.72049
1.72062
1.72074
1.72086
1.72098
1.7211
1.72123
1.72135
1.72147
1.72159
1.72171
1.72184
1.72196
1.72208
1.7222
1.72233
1.72245
1.72257
1.72269
1.72281
1.72294
1.72306
1.72318
1.7233
1.72343
1.72355
1.72367
1.72379
1.72392
1.72404
1.72416
1.72428
1.72441
1.72453
1.72465
1.72477
1.7249
1.72502
1.72514
1.72527
1.72539
1.72551
1.72563
1.72576
1.72588
1.726
1.72613
1.72625
1.72637
1.72649
1.72662
1.72674
1.72686
1.72699
1.72711
1.72723
1.72736
1.72748
1.7276
1.72773
1.72785
1.72797
1.7281
1.72822
1.72834
1.72847
1.72859
1.72871
1.72884
1.72896
1.72908
1.72921
1.72933
1.72945
1.72958
1.7297
1.72982
1.72995
1.73007
1.73019
1.73032
1.73044
1.73056
1.73069
1.73081
1.73094
1.73106
1.73118
1.73131
1.73143
1.73156
1.73168
1.7318
1.73193
1.73205
1.73217
1.7323
1.73242
1.73255
1.73267
1.7328
1.73292
1.73304
1.73317
1.73329
1.73342
1.73354
1.73366
1.73379
1.73391
1.73404
1.73416
1.73429
1.73441
1.73453
1.73466
1.73478
1.73491
1.73503
1.73516
1.73528
1.73541
1.73553
1.73565
1.73578
1.7359
1.73603
1.73615
1.73628
1.7364
1.73653
1.73665
1.73678
1.7369
1.73703
1.73715
1.73728
1.7374
1.73753
1.73765
1.73778
1.7379
1.73803
1.73815
1.73828
1.7384
1.73853
1.73865
1.73878
1.7389
1.73903
1.73915
1.73928
1.7394
1.73953
1.73965
1.73978
1.7399
1.74003
1.74015
1.74028
1.74041
1.74053
1.74066
1.74078
1.74091
1.74103
1.74116
1.74128
1.74141
1.74154
1.74166
1.74179
1.74191
1.74204
1.74216
1.74229
1.74242
1.74254
1.74267
1.74279
1.74292
1.74304
1.74317
1.7433
1.74342
1.74355
1.74367
1.7438
1.74393
1.74405
1.74418
1.7443
1.74443
1.74456
1.74468
1.74481
1.74494
1.74506
1.74519
1.74531
1.74544
1.74557
1.74569
1.74582
1.74595
1.74607
1.7462
1.74633
1.74645
1.74658
1.74671
1.74683
1.74696
1.74709
1.74721
1.74734
1.74747
1.74759
1.74772
1.74785
1.74797
1.7481
1.74823
1.74835
1.74848
1.74861
1.74873
1.74886
1.74899
1.74911
1.74924
1.74937
1.74949
1.74962
1.74975
1.74988
1.75
1.75013
1.75026
1.75038
1.75051
1.75064
1.75077
1.75089
1.75102
1.75115
1.75128
1.7514
1.75153
1.75166
1.75179
1.75191
1.75204
1.75217
1.7523
1.75242
1.75255
1.75268
1.75281
1.75293
1.75306
1.75319
1.75332
1.75344
1.75357
1.7537
1.75383
1.75396
1.75408
1.75421
1.75434
1.75447
1.7546
1.75472
1.75485
1.75498
1.75511
1.75524
1.75536
1.75549
1.75562
1.75575
1.75588
1.756
1.75613
1.75626
1.75639
1.75652
1.75665
1.75677
1.7569
1.75703
1.75716
1.75729
1.75742
1.75754
1.75767
1.7578
1.75793
1.75806
1.75819
1.75832
1.75844
1.75857
1.7587
1.75883
1.75896
1.75909
1.75922
1.75934
1.75947
1.7596
1.75973
1.75986
1.75999
1.76012
1.76025
1.76038
1.76051
1.76063
1.76076
1.76089
1.76102
1.76115
1.76128
1.76141
1.76154
1.76167
1.7618
1.76193
1.76205
1.76218
1.76231
1.76244
1.76257
1.7627
1.76283
1.76296
1.76309
1.76322
1.76335
1.76348
1.76361
1.76374
1.76387
1.764
1.76413
1.76426
1.76439
1.76452
1.76465
1.76477
1.7649
1.76503
1.76516
1.76529
1.76542
1.76555
1.76568
1.76581
1.76594
1.76607
1.7662
1.76633
1.76646
1.76659
1.76672
1.76685
1.76698
1.76711
1.76724
1.76737
1.76751
1.76764
1.76777
1.7679
1.76803
1.76816
1.76829
1.76842
1.76855
1.76868
1.76881
1.76894
1.76907
1.7692
1.76933
1.76946
1.76959
1.76972
1.76985
1.76998
1.77011
1.77025
1.77038
1.77051
1.77064
1.77077
1.7709
1.77103
1.77116
1.77129
1.77142
1.77155
1.77169
1.77182
1.77195
1.77208
1.77221
1.77234
1.77247
1.7726
1.77273
1.77287
1.773
1.77313
1.77326
1.77339
1.77352
1.77365
1.77378
1.77392
1.77405
1.77418
1.77431
1.77444
1.77457
1.7747
1.77484
1.77497
1.7751
1.77523
1.77536
1.77549
1.77563
1.77576
1.77589
1.77602
1.77615
1.77628
1.77642
1.77655
1.77668
1.77681
1.77694
1.77708
1.77721
1.77734
1.77747
1.7776
1.77774
1.77787
1.778
1.77813
1.77827
1.7784
1.77853
1.77866
1.77879
1.77893
1.77906
1.77919
1.77932
1.77946
1.77959
1.77972
1.77985
1.77999
1.78012
1.78025
1.78038
1.78052
1.78065
1.78078
1.78091
1.78105
1.78118
1.78131
1.78144
1.78158
1.78171
1.78184
1.78198
1.78211
1.78224
1.78237
1.78251
1.78264
1.78277
1.78291
1.78304
1.78317
1.78331
1.78344
1.78357
1.7837
1.78384
1.78397
1.7841
1.78424
1.78437
1.7845
1.78464
1.78477
1.7849
1.78504
1.78517
1.7853
1.78544
1.78557
1.7857
1.78584
1.78597
1.78611
1.78624
1.78637
1.78651
1.78664
1.78677
1.78691
1.78704
1.78718
1.78731
1.78744
1.78758
1.78771
1.78784
1.78798
1.78811
1.78825
1.78838
1.78851
1.78865
1.78878
1.78892
1.78905
1.78918
1.78932
1.78945
1.78959
1.78972
1.78986
1.78999
1.79012
1.79026
1.79039
1.79053
1.79066
1.7908
1.79093
1.79107
1.7912
1.79133
1.79147
1.7916
1.79174
1.79187
1.79201
1.79214
1.79228
1.79241
1.79255
1.79268
1.79282
1.79295
1.79309
1.79322
1.79336
1.79349
1.79362
1.79376
1.79389
1.79403
1.79416
1.7943
1.79444
1.79457
1.79471
1.79484
1.79498
1.79511
1.79525
1.79538
1.79552
1.79565
1.79579
1.79592
1.79606
1.79619
1.79633
1.79646
1.7966
1.79674
1.79687
1.79701
1.79714
1.79728
1.79741
1.79755
1.79768
1.79782
1.79796
1.79809
1.79823
1.79836
1.7985
1.79864
1.79877
1.79891
1.79904
1.79918
1.79931
1.79945
1.79959
1.79972
1.79986
1.79999
1.80013
1.80027
1.8004
1.80054
1.80068
1.80081
1.80095
1.80108
1.80122
1.80136
1.80149
1.80163
1.80177
1.8019
1.80204
1.80218
1.80231
1.80245
1.80259
1.80272
1.80286
1.803
1.80313
1.80327
1.80341
1.80354
1.80368
1.80382
1.80395
1.80409
1.80423
1.80436
1.8045
1.80464
1.80477
1.80491
1.80505
1.80518
1.80532
1.80546
1.8056
1.80573
1.80587
1.80601
1.80614
1.80628
1.80642
1.80656
1.80669
1.80683
1.80697
1.80711
1.80724
1.80738
1.80752
1.80766
1.80779
1.80793
1.80807
1.80821
1.80834
1.80848
1.80862
1.80876
1.80889
1.80903
1.80917
1.80931
1.80945
1.80958
1.80972
1.80986
1.81
1.81013
1.81027
1.81041
1.81055
1.81069
1.81082
1.81096
1.8111
1.81124
1.81138
1.81152
1.81165
1.81179
1.81193
1.81207
1.81221
1.81235
1.81248
1.81262
1.81276
1.8129
1.81304
1.81318
1.81331
1.81345
1.81359
1.81373
1.81387
1.81401
1.81415
1.81428
1.81442
1.81456
1.8147
1.81484
1.81498
1.81512
1.81526
1.8154
1.81553
1.81567
1.81581
1.81595
1.81609
1.81623
1.81637
1.81651
1.81665
1.81679
1.81692
1.81706
1.8172
1.81734
1.81748
1.81762
1.81776
1.8179
1.81804
1.81818
1.81832
1.81846
1.8186
1.81874
1.81888
1.81902
1.81915
1.81929
1.81943
1.81957
1.81971
1.81985
1.81999
1.82013
1.82027
1.82041
1.82055
1.82069
1.82083
1.82097
1.82111
1.82125
1.82139
1.82153
1.82167
1.82181
1.82195
1.82209
1.82223
1.82237
1.82251
1.82265
1.82279
1.82293
1.82307
1.82321
1.82335
1.82349
1.82364
1.82378
1.82392
1.82406
1.8242
1.82434
1.82448
1.82462
1.82476
1.8249
1.82504
1.82518
1.82532
1.82546
1.8256
1.82574
1.82589
1.82603
1.82617
1.82631
1.82645
1.82659
1.82673
1.82687
1.82701
1.82715
1.82729
1.82744
1.82758
1.82772
1.82786
1.828
1.82814
1.82828
1.82842
1.82857
1.82871
1.82885
1.82899
1.82913
1.82927
1.82941
1.82956
1.8297
1.82984
1.82998
1.83012
1.83026
1.8304
1.83055
1.83069
1.83083
1.83097
1.83111
1.83126
1.8314
1.83154
1.83168
1.83182
1.83196
1.83211
1.83225
1.83239
1.83253
1.83267
1.83282
1.83296
1.8331
1.83324
1.83339
1.83353
1.83367
1.83381
1.83395
1.8341
1.83424
1.83438
1.83452
1.83467
1.83481
1.83495
1.83509
1.83524
1.83538
1.83552
1.83566
1.83581
1.83595
1.83609
1.83623
1.83638
1.83652
1.83666
1.83681
1.83695
1.83709
1.83723
1.83738
1.83752
1.83766
1.83781
1.83795
1.83809
1.83824
1.83838
1.83852
1.83866
1.83881
1.83895
1.83909
1.83924
1.83938
1.83952
1.83967
1.83981
1.83995
1.8401
1.84024
1.84038
1.84053
1.84067
1.84082
1.84096
1.8411
1.84125
1.84139
1.84153
1.84168
1.84182
1.84196
1.84211
1.84225
1.8424
1.84254
1.84268
1.84283
1.84297
1.84312
1.84326
1.8434
1.84355
1.84369
1.84384
1.84398
1.84412
1.84427
1.84441
1.84456
1.8447
1.84485
1.84499
1.84513
1.84528
1.84542
1.84557
1.84571
1.84586
1.846
1.84615
1.84629
1.84644
1.84658
1.84672
1.84687
1.84701
1.84716
1.8473
1.84745
1.84759
1.84774
1.84788
1.84803
1.84817
1.84832
1.84846
1.84861
1.84875
1.8489
1.84904
1.84919
1.84933
1.84948
1.84962
1.84977
1.84991
1.85006
1.8502
1.85035
1.85049
1.85064
1.85079
1.85093
1.85108
1.85122
1.85137
1.85151
1.85166
1.8518
1.85195
1.8521
1.85224
1.85239
1.85253
1.85268
1.85282
1.85297
1.85312
1.85326
1.85341
1.85355
1.8537
1.85385
1.85399
1.85414
1.85428
1.85443
1.85458
1.85472
1.85487
1.85501
1.85516
1.85531
1.85545
1.8556
1.85575
1.85589
1.85604
1.85618
1.85633
1.85648
1.85662
1.85677
1.85692
1.85706
1.85721
1.85736
1.8575
1.85765
1.8578
1.85794
1.85809
1.85824
1.85838
1.85853
1.85868
1.85882
1.85897
1.85912
1.85927
1.85941
1.85956
1.85971
1.85985
1.86
1.86015
1.86029
1.86044
1.86059
1.86074
1.86088
1.86103
1.86118
1.86133
1.86147
1.86162
1.86177
1.86192
1.86206
1.86221
1.86236
1.86251
1.86265
1.8628
1.86295
1.8631
1.86324
1.86339
1.86354
1.86369
1.86384
1.86398
1.86413
1.86428
1.86443
1.86457
1.86472
1.86487
1.86502
1.86517
1.86531
1.86546
1.86561
1.86576
1.86591
1.86606
1.8662
1.86635
1.8665
1.86665
1.8668
1.86695
1.86709
1.86724
1.86739
1.86754
1.86769
1.86784
1.86799
1.86813
1.86828
1.86843
1.86858
1.86873
1.86888
1.86903
1.86918
1.86932
1.86947
1.86962
1.86977
1.86992
1.87007
1.87022
1.87037
1.87052
1.87067
1.87081
1.87096
1.87111
1.87126
1.87141
1.87156
1.87171
1.87186
1.87201
1.87216
1.87231
1.87246
1.87261
1.87276
1.87291
1.87305
1.8732
1.87335
1.8735
1.87365
1.8738
1.87395
1.8741
1.87425
1.8744
1.87455
1.8747
1.87485
1.875
1.87515
1.8753
1.87545
1.8756
1.87575
1.8759
1.87605
1.8762
1.87635
1.8765
1.87665
1.8768
1.87695
1.8771
1.87725
1.8774
1.87755
1.8777
1.87786
1.87801
1.87816
1.87831
1.87846
1.87861
1.87876
1.87891
1.87906
1.87921
1.87936
1.87951
1.87966
1.87981
1.87996
1.88012
1.88027
1.88042
1.88057
1.88072
1.88087
1.88102
1.88117
1.88132
1.88147
1.88163
1.88178
1.88193
1.88208
1.88223
1.88238
1.88253
1.88268
1.88284
1.88299
1.88314
1.88329
1.88344
1.88359
1.88374
1.8839
1.88405
1.8842
1.88435
1.8845
1.88465
1.88481
1.88496
1.88511
1.88526
1.88541
1.88557
1.88572
1.88587
1.88602
1.88617
1.88633
1.88648
1.88663
1.88678
1.88693
1.88709
1.88724
1.88739
1.88754
1.88769
1.88785
1.888
1.88815
1.8883
1.88846
1.88861
1.88876
1.88891
1.88907
1.88922
1.88937
1.88952
1.88968
1.88983
1.88998
1.89014
1.89029
1.89044
1.89059
1.89075
1.8909
1.89105
1.89121
1.89136
1.89151
1.89166
1.89182
1.89197
1.89212
1.89228
1.89243
1.89258
1.89274
1.89289
1.89304
1.8932
1.89335
1.8935
1.89366
1.89381
1.89396
1.89412
1.89427
1.89442
1.89458
1.89473
1.89489
1.89504
1.89519
1.89535
1.8955
1.89565
1.89581
1.89596
1.89612
1.89627
1.89642
1.89658
1.89673
1.89689
1.89704
1.89719
1.89735
1.8975
1.89766
1.89781
1.89796
1.89812
1.89827
1.89843
1.89858
1.89874
1.89889
1.89904
1.8992
1.89935
1.89951
1.89966
1.89982
1.89997
1.90013
1.90028
1.90044
1.90059
1.90075
1.9009
1.90106
1.90121
1.90136
1.90152
1.90167
1.90183
1.90198
1.90214
1.90229
1.90245
1.9026
1.90276
1.90292
1.90307
1.90323
1.90338
1.90354
1.90369
1.90385
1.904
1.90416
1.90431
1.90447
1.90462
1.90478
1.90494
1.90509
1.90525
1.9054
1.90556
1.90571
1.90587
1.90602
1.90618
1.90634
1.90649
1.90665
1.9068
1.90696
1.90712
1.90727
1.90743
1.90758
1.90774
1.9079
1.90805
1.90821
1.90836
1.90852
1.90868
1.90883
1.90899
1.90915
1.9093
1.90946
1.90962
1.90977
1.90993
1.91008
1.91024
1.9104
1.91055
1.91071
1.91087
1.91102
1.91118
1.91134
1.91149
1.91165
1.91181
1.91197
1.91212
1.91228
1.91244
1.91259
1.91275
1.91291
1.91306
1.91322
1.91338
1.91354
1.91369
1.91385
1.91401
1.91417
1.91432
1.91448
1.91464
1.91479
1.91495
1.91511
1.91527
1.91542
1.91558
1.91574
1.9159
1.91606
1.91621
1.91637
1.91653
1.91669
1.91684
1.917
1.91716
1.91732
1.91748
1.91763
1.91779
1.91795
1.91811
1.91827
1.91842
1.91858
1.91874
1.9189
1.91906
1.91921
1.91937
1.91953
1.91969
1.91985
1.92001
1.92016
1.92032
1.92048
1.92064
1.9208
1.92096
1.92112
1.92127
1.92143
1.92159
1.92175
1.92191
1.92207
1.92223
1.92239
1.92255
1.9227
1.92286
1.92302
1.92318
1.92334
1.9235
1.92366
1.92382
1.92398
1.92414
1.9243
1.92445
1.92461
1.92477
1.92493
1.92509
1.92525
1.92541
1.92557
1.92573
1.92589
1.92605
1.92621
1.92637
1.92653
1.92669
1.92685
1.92701
1.92717
1.92733
1.92749
1.92765
1.92781
1.92797
1.92813
1.92829
1.92845
1.92861
1.92877
1.92893
1.92909
1.92925
1.92941
1.92957
1.92973
1.92989
1.93005
1.93021
1.93037
1.93053
1.93069
1.93085
1.93101
1.93117
1.93133
1.93149
1.93165
1.93181
1.93197
1.93214
1.9323
1.93246
1.93262
1.93278
1.93294
1.9331
1.93326
1.93342
1.93358
1.93374
1.93391
1.93407
1.93423
1.93439
1.93455
1.93471
1.93487
1.93503
1.9352
1.93536
1.93552
1.93568
1.93584
1.936
1.93616
1.93633
1.93649
1.93665
1.93681
1.93697
1.93713
1.9373
1.93746
1.93762
1.93778
1.93794
1.9381
1.93827
1.93843
1.93859
1.93875
1.93891
1.93908
1.93924
1.9394
1.93956
1.93972
1.93989
1.94005
1.94021
1.94037
1.94054
1.9407
1.94086
1.94102
1.94119
1.94135
1.94151
1.94167
1.94184
1.942
1.94216
1.94232
1.94249
1.94265
1.94281
1.94298
1.94314
1.9433
1.94346
1.94363
1.94379
1.94395
1.94412
1.94428
1.94444
1.94461
1.94477
1.94493
1.94509
1.94526
1.94542
1.94558
1.94575
1.94591
1.94607
1.94624
1.9464
1.94657
1.94673
1.94689
1.94706
1.94722
1.94738
1.94755
1.94771
1.94787
1.94804
1.9482
1.94837
1.94853
1.94869
1.94886
1.94902
1.94919
1.94935
1.94951
1.94968
1.94984
1.95001
1.95017
1.95033
1.9505
1.95066
1.95083
1.95099
1.95116
1.95132
1.95149
1.95165
1.95181
1.95198
1.95214
1.95231
1.95247
1.95264
1.9528
1.95297
1.95313
1.9533
1.95346
1.95363
1.95379
1.95396
1.95412
1.95429
1.95445
1.95462
1.95478
1.95495
1.95511
1.95528
1.95544
1.95561
1.95577
1.95594
1.9561
1.95627
1.95643
1.9566
1.95677
1.95693
1.9571
1.95726
1.95743
1.95759
1.95776
1.95792
1.95809
1.95826
1.95842
1.95859
1.95875
1.95892
1.95909
1.95925
1.95942
1.95958
1.95975
1.95992
1.96008
1.96025
1.96041
1.96058
1.96075
1.96091
1.96108
1.96125
1.96141
1.96158
1.96174
1.96191
1.96208
1.96224
1.96241
1.96258
1.96274
1.96291
1.96308
1.96324
1.96341
1.96358
1.96374
1.96391
1.96408
1.96425
1.96441
1.96458
1.96475
1.96491
1.96508
1.96525
1.96541
1.96558
1.96575
1.96592
1.96608
1.96625
1.96642
1.96659
1.96675
1.96692
1.96709
1.96726
1.96742
1.96759
1.96776
1.96793
1.96809
1.96826
1.96843
1.9686
1.96877
1.96893
1.9691
1.96927
1.96944
1.9696
1.96977
1.96994
1.97011
1.97028
1.97045
1.97061
1.97078
1.97095
1.97112
1.97129
1.97145
1.97162
1.97179
1.97196
1.97213
1.9723
1.97247
1.97263
1.9728
1.97297
1.97314
1.97331
1.97348
1.97365
1.97381
1.97398
1.97415
1.97432
1.97449
1.97466
1.97483
1.975
1.97517
1.97534
1.9755
1.97567
1.97584
1.97601
1.97618
1.97635
1.97652
1.97669
1.97686
1.97703
1.9772
1.97737
1.97754
1.97771
1.97788
1.97805
1.97822
1.97839
1.97855
1.97872
1.97889
1.97906
1.97923
1.9794
1.97957
1.97974
1.97991
1.98008
1.98025
1.98042
1.98059
1.98076
1.98093
1.9811
1.98127
1.98145
1.98162
1.98179
1.98196
1.98213
1.9823
1.98247
1.98264
1.98281
1.98298
1.98315
1.98332
1.98349
1.98366
1.98383
1.984
1.98417
1.98435
1.98452
1.98469
1.98486
1.98503
1.9852
1.98537
1.98554
1.98571
1.98588
1.98606
1.98623
1.9864
1.98657
1.98674
1.98691
1.98708
1.98726
1.98743
1.9876
1.98777
1.98794
1.98811
1.98828
1.98846
1.98863
1.9888
1.98897
1.98914
1.98932
1.98949
1.98966
1.98983
1.99
1.99017
1.99035
1.99052
1.99069
1.99086
1.99104
1.99121
1.99138
1.99155
1.99172
1.9919
1.99207
1.99224
1.99241
1.99259
1.99276
1.99293
1.9931
1.99328
1.99345
1.99362
1.99379
1.99397
1.99414
1.99431
1.99449
1.99466
1.99483
1.995
1.99518
1.99535
1.99552
1.9957
1.99587
1.99604
1.99622
1.99639
1.99656
1.99674
1.99691
1.99708
1.99726
1.99743
1.9976
1.99778
1.99795
1.99812
1.9983
1.99847
1.99864
1.99882
1.99899
1.99917
1.99934
1.99951
1.99969
1.99986
2.00004
2.00021
2.00038
2.00056
2.00073
2.00091
2.00108
2.00125
2.00143
2.0016
2.00178
2.00195
2.00213
2.0023
2.00247
2.00265
2.00282
2.003
2.00317
2.00335
2.00352
2.0037
2.00387
2.00405
2.00422
2.0044
2.00457
2.00474
2.00492
2.00509
2.00527
2.00544
2.00562
2.00579
2.00597
2.00615
2.00632
2.0065
2.00667
2.00685
2.00702
2.0072
2.00737
2.00755
2.00772
2.0079
2.00807
2.00825
2.00843
2.0086
2.00878
2.00895
2.00913
2.0093
2.00948
2.00966
2.00983
2.01001
2.01018
2.01036
2.01054
2.01071
2.01089
2.01106
2.01124
2.01142
2.01159
2.01177
2.01194
2.01212
2.0123
2.01247
2.01265
2.01283
2.013
2.01318
2.01336
2.01353
2.01371
2.01389
2.01406
2.01424
2.01442
2.01459
2.01477
2.01495
2.01512
2.0153
2.01548
2.01566
2.01583
2.01601
2.01619
2.01636
2.01654
2.01672
2.0169
2.01707
2.01725
2.01743
2.01761
2.01778
2.01796
2.01814
2.01832
2.01849
2.01867
2.01885
2.01903
2.0192
2.01938
2.01956
2.01974
2.01991
2.02009
2.02027
2.02045
2.02063
2.0208
2.02098
2.02116
2.02134
2.02152
2.0217
2.02187
2.02205
2.02223
2.02241
2.02259
2.02277
2.02294
2.02312
2.0233
2.02348
2.02366
2.02384
2.02402
2.02419
2.02437
2.02455
2.02473
2.02491
2.02509
2.02527
2.02545
2.02563
2.02581
2.02598
2.02616
2.02634
2.02652
2.0267
2.02688
2.02706
2.02724
2.02742
2.0276
2.02778
2.02796
2.02814
2.02832
2.0285
2.02868
2.02885
2.02903
2.02921
2.02939
2.02957
2.02975
2.02993
2.03011
2.03029
2.03047
2.03065
2.03083
2.03101
2.03119
2.03137
2.03155
2.03173
2.03191
2.03209
2.03228
2.03246
2.03264
2.03282
2.033
2.03318
2.03336
2.03354
2.03372
2.0339
2.03408
2.03426
2.03444
2.03462
2.0348
2.03498
2.03517
2.03535
2.03553
2.03571
2.03589
2.03607
2.03625
2.03643
2.03661
2.0368
2.03698
2.03716
2.03734
2.03752
2.0377
2.03788
2.03807
2.03825
2.03843
2.03861
2.03879
2.03897
2.03916
2.03934
2.03952
2.0397
2.03988
2.04006
2.04025
2.04043
2.04061
2.04079
2.04097
2.04116
2.04134
2.04152
2.0417
2.04189
2.04207
2.04225
2.04243
2.04262
2.0428
2.04298
2.04316
2.04335
2.04353
2.04371
2.04389
2.04408
2.04426
2.04444
2.04462
2.04481
2.04499
2.04517
2.04536
2.04554
2.04572
2.04591
2.04609
2.04627
2.04645
2.04664
2.04682
2.047
2.04719
2.04737
2.04755
2.04774
2.04792
2.04811
2.04829
2.04847
2.04866
2.04884
2.04902
2.04921
2.04939
2.04957
2.04976
2.04994
2.05013
2.05031
2.05049
2.05068
2.05086
2.05105
2.05123
2.05142
2.0516
2.05178
2.05197
2.05215
2.05234
2.05252
2.05271
2.05289
2.05307
2.05326
2.05344
2.05363
2.05381
2.054
2.05418
2.05437
2.05455
2.05474
2.05492
2.05511
2.05529
2.05548
2.05566
2.05585
2.05603
2.05622
2.0564
2.05659
2.05677
2.05696
2.05714
2.05733
2.05751
2.0577
2.05789
2.05807
2.05826
2.05844
2.05863
2.05881
2.059
2.05919
2.05937
2.05956
2.05974
2.05993
2.06011
2.0603
2.06049
2.06067
2.06086
2.06105
2.06123
2.06142
2.0616
2.06179
2.06198
2.06216
2.06235
2.06254
2.06272
2.06291
2.0631
2.06328
2.06347
2.06366
2.06384
2.06403
2.06422
2.0644
2.06459
2.06478
2.06496
2.06515
2.06534
2.06552
2.06571
2.0659
2.06609
2.06627
2.06646
2.06665
2.06683
2.06702
2.06721
2.0674
2.06758
2.06777
2.06796
2.06815
2.06833
2.06852
2.06871
2.0689
2.06909
2.06927
2.06946
2.06965
2.06984
2.07002
2.07021
2.0704
2.07059
2.07078
2.07097
2.07115
2.07134
2.07153
2.07172
2.07191
2.07209
2.07228
2.07247
2.07266
2.07285
2.07304
2.07323
2.07341
2.0736
2.07379
2.07398
2.07417
2.07436
2.07455
2.07474
2.07493
2.07511
2.0753
2.07549
2.07568
2.07587
2.07606
2.07625
2.07644
2.07663
2.07682
2.07701
2.0772
2.07739
2.07757
2.07776
2.07795
2.07814
2.07833
2.07852
2.07871
2.0789
2.07909
2.07928
2.07947
2.07966
2.07985
2.08004
2.08023
2.08042
2.08061
2.0808
2.08099
2.08118
2.08137
2.08156
2.08175
2.08194
2.08213
2.08233
2.08252
2.08271
2.0829
2.08309
2.08328
2.08347
2.08366
2.08385
2.08404
2.08423
2.08442
2.08461
2.0848
2.085
2.08519
2.08538
2.08557
2.08576
2.08595
2.08614
2.08633
2.08653
2.08672
2.08691
2.0871
2.08729
2.08748
2.08767
2.08787
2.08806
2.08825
2.08844
2.08863
2.08882
2.08902
2.08921
2.0894
2.08959
2.08978
2.08998
2.09017
2.09036
2.09055
2.09074
2.09094
2.09113
2.09132
2.09151
2.09171
2.0919
2.09209
2.09228
2.09248
2.09267
2.09286
2.09305
2.09325
2.09344
2.09363
2.09383
2.09402
2.09421
2.0944
2.0946
2.09479
2.09498
2.09518
2.09537
2.09556
2.09576
2.09595
2.09614
2.09634
2.09653
2.09672
2.09692
2.09711
2.0973
2.0975
2.09769
2.09788
2.09808
2.09827
2.09846
2.09866
2.09885
2.09905
2.09924
2.09943
2.09963
2.09982
2.10002
2.10021
2.1004
2.1006
2.10079
2.10099
2.10118
2.10138
2.10157
2.10177
2.10196
2.10215
2.10235
2.10254
2.10274
2.10293
2.10313
2.10332
2.10352
2.10371
2.10391
2.1041
2.1043
2.10449
2.10469
2.10488
2.10508
2.10527
2.10547
2.10566
2.10586
2.10605
2.10625
2.10644
2.10664
2.10684
2.10703
2.10723
2.10742
2.10762
2.10781
2.10801
2.1082
2.1084
2.1086
2.10879
2.10899
2.10918
2.10938
2.10958
2.10977
2.10997
2.11016
2.11036
2.11056
2.11075
2.11095
2.11115
2.11134
2.11154
2.11174
2.11193
2.11213
2.11233
2.11252
2.11272
2.11292
2.11311
2.11331
2.11351
2.1137
2.1139
2.1141
2.11429
2.11449
2.11469
2.11489
2.11508
2.11528
2.11548
2.11567
2.11587
2.11607
2.11627
2.11646
2.11666
2.11686
2.11706
2.11725
2.11745
2.11765
2.11785
2.11805
2.11824
2.11844
2.11864
2.11884
2.11904
2.11923
2.11943
2.11963
2.11983
2.12003
2.12022
2.12042
2.12062
2.12082
2.12102
2.12122
2.12142
2.12161
2.12181
2.12201
2.12221
2.12241
2.12261
2.12281
2.12301
2.1232
2.1234
2.1236
2.1238
2.124
2.1242
2.1244
2.1246
2.1248
2.125
2.1252
2.12539
2.12559
2.12579
2.12599
2.12619
2.12639
2.12659
2.12679
2.12699
2.12719
2.12739
2.12759
2.12779
2.12799
2.12819
2.12839
2.12859
2.12879
2.12899
2.12919
2.12939
2.12959
2.12979
2.12999
2.13019
2.13039
2.13059
2.13079
2.13099
2.13119
2.13139
2.13159
2.1318
2.132
2.1322
2.1324
2.1326
2.1328
2.133
2.1332
2.1334
2.1336
2.1338
2.13401
2.13421
2.13441
2.13461
2.13481
2.13501
2.13521
2.13541
2.13562
2.13582
2.13602
2.13622
2.13642
2.13662
2.13683
2.13703
2.13723
2.13743
2.13763
2.13784
2.13804
2.13824
2.13844
2.13864
2.13885
2.13905
2.13925
2.13945
2.13965
2.13986
2.14006
2.14026
2.14046
2.14067
2.14087
2.14107
2.14127
2.14148
2.14168
2.14188
2.14209
2.14229
2.14249
2.14269
2.1429
2.1431
2.1433
2.14351
2.14371
2.14391
2.14412
2.14432
2.14452
2.14473
2.14493
2.14513
2.14534
2.14554
2.14574
2.14595
2.14615
2.14636
2.14656
2.14676
2.14697
2.14717
2.14737
2.14758
2.14778
2.14799
2.14819
2.1484
2.1486
2.1488
2.14901
2.14921
2.14942
2.14962
2.14983
2.15003
2.15023
2.15044
2.15064
2.15085
2.15105
2.15126
2.15146
2.15167
2.15187
2.15208
2.15228
2.15249
2.15269
2.1529
2.1531
2.15331
2.15351
2.15372
2.15392
2.15413
2.15433
2.15454
2.15475
2.15495
2.15516
2.15536
2.15557
2.15577
2.15598
2.15618
2.15639
2.1566
2.1568
2.15701
2.15721
2.15742
2.15763
2.15783
2.15804
2.15824
2.15845
2.15866
2.15886
2.15907
2.15928
2.15948
2.15969
2.1599
2.1601
2.16031
2.16052
2.16072
2.16093
2.16114
2.16134
2.16155
2.16176
2.16196
2.16217
2.16238
2.16259
2.16279
2.163
2.16321
2.16341
2.16362
2.16383
2.16404
2.16424
2.16445
2.16466
2.16487
2.16508
2.16528
2.16549
2.1657
2.16591
2.16611
2.16632
2.16653
2.16674
2.16695
2.16715
2.16736
2.16757
2.16778
2.16799
2.1682
2.1684
2.16861
2.16882
2.16903
2.16924
2.16945
2.16965
2.16986
2.17007
2.17028
2.17049
2.1707
2.17091
2.17112
2.17133
2.17153
2.17174
2.17195
2.17216
2.17237
2.17258
2.17279
2.173
2.17321
2.17342
2.17363
2.17384
2.17405
2.17426
2.17447
2.17468
2.17489
2.17509
2.1753
2.17551
2.17572
2.17593
2.17614
2.17635
2.17656
2.17677
2.17698
2.1772
2.17741
2.17762
2.17783
2.17804
2.17825
2.17846
2.17867
2.17888
2.17909
2.1793
2.17951
2.17972
2.17993
2.18014
2.18035
2.18056
2.18078
2.18099
2.1812
2.18141
2.18162
2.18183
2.18204
2.18225
2.18247
2.18268
2.18289
2.1831
2.18331
2.18352
2.18373
2.18395
2.18416
2.18437
2.18458
2.18479
2.18501
2.18522
2.18543
2.18564
2.18585
2.18607
2.18628
2.18649
2.1867
2.18691
2.18713
2.18734
2.18755
2.18776
2.18798
2.18819
2.1884
2.18861
2.18883
2.18904
2.18925
2.18947
2.18968
2.18989
2.1901
2.19032
2.19053
2.19074
2.19096
2.19117
2.19138
2.1916
2.19181
2.19202
2.19224
2.19245
2.19266
2.19288
2.19309
2.1933
2.19352
2.19373
2.19395
2.19416
2.19437
2.19459
2.1948
2.19502
2.19523
2.19544
2.19566
2.19587
2.19609
2.1963
2.19651
2.19673
2.19694
2.19716
2.19737
2.19759
2.1978
2.19802
2.19823
2.19845
2.19866
2.19888
2.19909
2.19931
2.19952
2.19974
