41.34354
35.43733
17.71571
64.94676
35.4196
17.70685
76.71687
64.90346
47.19465
47.18678
41.28155
5.89638
70.74477
70.73299
70.72119
58.92451
-5.89147
11.78097
17.66852
52.99672
41.2128
23.54625
17.65674
52.96141
41.18534
11.76528
82.34325
88.21021
47.03761
52.9085
35.26646
70.52117
64.63364
52.87326
0
0
29.35937
41.09627
76.30894
23.47577
58.67965
0
11.73202
70.38042
76.23277
5.86308
0
29.30566
17.58047
52.73264
11.71641
5.85723
23.42503
46.84227
-17.56293
46.82669
11.70472
64.36528
17.55125
76.04276
58.4847
0
76.00483
-11.69111
17.53375
-35.06166
11.68528
35.05
151.85809
81.75615
58.38754
40.86449
-23.34726
75.86597
-23.3395
128.34589
69.99522
23.32786
5.831
-52.47025
-17.48718
69.93709
-5.82712
0
11.65037
52.41798
29.11626
40.756
17.46396
-17.46105
17.45816
-5.81842
81.44434
40.71541
23.26208
116.29111
-11.62718
52.31363
58.1166
11.62139
23.23892
40.66137
29.03902
-23.22736
58.05875
46.4393
34.82369
63.83284
-11.60405
17.40318
23.20039
11.59827
52.18356
46.37769
-11.5925
104.3152
63.7376
-11.58673
115.84811
69.49735
86.85727
-5.78953
40.51996
57.87605
40.50652
69.42823
-40.49309
40.48637
57.82809
11.5637
46.24714
92.47894
-11.55795
46.22415
46.21649
46.20883
11.55029
-11.54838
46.18586
5.77228
-34.62792
46.16291
57.69408
132.67439
63.44246
-11.53308
40.3591
40.35242
23.05471
46.10178
17.2853
23.04326
46.07888
28.79453
11.5159
-28.785
57.56046
46.04075
28.7707
86.29782
46.01788
23.00514
-5.75033
-17.24814
57.48428
17.24243
-17.23958
51.71018
34.46775
103.38612
-5.74272
91.86837
80.37153
51.65886
-11.47785
22.9519
-51.63323
-5.73608
5.73513
91.74687
51.59908
-63.05512
45.85068
97.41659
63.02384
40.09945
-28.63773
80.17238
22.90261
0
97.3039
-11.44563
74.38426
17.16276
11.43995
34.31418
-17.15426
51.45426
40.01337
-17.14575
62.85737
34.28017
34.27451
51.40327
17.13159
11.41917
62.79508
11.4154
39.94731
-17.11745
0
74.1511
28.51494
39.91433
108.321
17.10049
68.39067
68.37938
96.85479
28.482
17.08638
28.4726
68.32295
51.23375
-11.3834
125.19672
56.89821
17.06665
28.43971
-62.55705
56.86066
51.16615
34.10513
79.56551
73.87007
39.76963
39.76307
-11.359
102.21416
56.77628
28.38346
45.40604
28.37409
68.08659
-5.67295
28.36006
68.05291
22.68056
107.71491
17.00481
56.67336
39.66481
56.65467
45.31627
39.6452
50.96399
39.63212
0
96.21771
84.88399
-5.658
11.31414
11.31227
45.24162
0
-45.22671
62.17648
28.25738
39.55381
96.04343
-22.59473
22.59101
16.94047
16.93768
16.93489
67.72839
84.64654
39.49521
16.92373
62.04346
-5.63939
62.02303
-45.10023
11.2732
-28.17836
33.80846
16.90145
78.86044
56.31961
61.94137
22.52043
-16.88754
39.39777
67.52792
39.3848
16.87643
0
28.11812
50.60428
16.86532
33.72508
33.71953
5.619
22.47229
56.17149
39.31357
56.153
16.84313
33.68072
123.47566
44.89285
95.38162
56.09761
22.43535
33.64749
61.67693
44.84857
44.84119
16.81268
61.63636
22.40954
95.22488
72.80705
22.39849
128.77013
50.38002
95.14662
16.78782
16.78506
33.56461
0
61.51488
27.95672
16.77127
5.58951
-22.35435
44.70134
27.93375
44.68666
11.16983
39.08798
16.74924
22.32865
72.55618
83.70492
-44.63529
44.62796
44.62063
105.95658
55.75746
66.89796
133.77396
144.898
61.29293
61.28286
105.83483
44.55472
72.38953
50.1076
11.13319
27.82842
83.47154
66.76627
100.13297
72.30638
83.41674
66.72244
83.38936
88.93405
33.3448
22.22622
122.22412
49.99257
105.52255
11.10582
61.07196
5.55109
94.35297
83.23896
49.93518
0
-11.09307
-5.54562
38.813
44.35043
44.34316
27.70993
60.95184
44.32134
0
5.53835
121.82373
5.53653
-16.60688
71.95135
77.47336
16.59871
-5.532
38.71763
11.06037
0
99.51066
38.69225
38.68591
44.20522
82.87119
66.28609
88.36697
-44.17624
88.33801
11.04044
-16.55795
22.07365
55.17507
-16.54981
11.0314
77.20714
55.13892
60.64287
5.51209
44.08946
33.06168
33.05626
-27.54237
49.56815
60.57337
-16.5173
-5.50487
27.51983
-22.01226
27.51081
44.01009
11.00072
38.49622
43.98848
5.49766
27.4838
109.91718
16.48488
32.96436
21.97264
65.90713
16.47409
10.98093
-5.48956
5.48867
49.38991
10.97374
115.2054
0
10.96835
87.73245
-54.82381
5.48148
10.96117
0
0
65.73477
21.90801
60.23716
21.90084
32.84588
65.68102
49.25271
54.71628
-5.47073
49.22854
27.34472
60.14854
32.80293
65.59513
21.86147
65.57368
21.85432
-5.46269
32.77076
32.7654
21.84003
60.05026
60.04044
54.5733
0
43.64436
21.81862
38.17633
-10.90574
16.35594
43.60871
27.25099
38.14515
54.48416
54.47526
49.01972
27.22873
87.11769
5.44397
16.32923
92.51718
32.64779
38.08286
76.15328
92.45673
87.00389
32.62113
-16.3079
92.39634
70.64449
27.16652
27.16208
32.58917
10.86128
38.00829
16.2866
21.71193
97.68771
32.55726
65.10387
48.81994
37.96486
54.22666
16.26534
70.47164
43.36009
21.6765
119.2013
-5.41736
43.33178
54.15588
81.22057
-16.24146
37.89056
10.82411
64.93404
27.05144
97.36927
48.67669
16.22292
21.62703
81.08811
0
43.23288
70.24197
0
-16.2044
86.40935
32.39822
37.79176
102.5609
75.55886
107.92362
-21.5812
-10.78884
26.96771
70.1046
-21.56713
-5.3909
37.73016
53.89145
5.38827
10.77478
43.09207
16.15689
86.15604
75.37424
59.21296
64.58543
118.38731
43.04292
32.27692
107.57221
102.17693
-21.50743
10.75196
10.75021
48.36805
75.22693
64.46972
69.83081
10.74145
10.7397
10.73795
42.9448
26.83613
69.76257
0
75.10444
64.36474
58.9914
-16.08594
96.49993
80.40351
-10.71872
58.94337
21.43046
26.78371
26.77935
85.67996
85.666
16.05976
101.69524
69.56963
37.45447
26.74884
32.09337
-10.69605
101.59592
96.23309
32.07248
0
42.74938
21.37121
42.73546
53.41063
5.34019
16.01797
74.73837
42.70068
26.68358
48.02263
21.33992
16.00233
69.33216
79.98563
0
85.29023
-10.65954
95.92029
53.28038
42.61736
21.30521
74.55612
42.59657
31.94223
37.25987
111.76141
26.60553
47.88216
132.98438
159.5553
42.54116
58.48457
15.94774
26.57525
148.7972
90.32646
31.87474
84.98549
47.79656
69.02825
15.92701
47.77325
42.4582
53.06412
37.13885
31.82812
100.77266
-5.30296
106.04199
0
47.70338
74.1932
31.79191
26.48896
68.86009
58.25676
10.59042
79.41521
68.81532
68.80414
-10.58353
10.58181
63.48055
5.28919
79.3249
84.59948
79.29912
58.14324
79.27335
-10.56806
105.66345
89.79934
100.34766
52.80598
131.9935
137.25093
31.66815
79.15751
47.48679
26.37726
68.56975
26.36869
31.63729
36.90418
31.62702
105.40627
21.07783
57.95462
42.14197
73.73647
15.79811
47.38662
42.1146
78.95205
42.10092
57.87937
115.73994
57.86057
52.59198
0
36.80243
31.53982
136.65038
42.03944
31.52446
110.31771
-47.27134
84.0243
105.01333
41.99851
31.49377
41.98488
94.45065
36.72485
57.70111
57.69174
62.92623
62.91602
83.87441
78.61951
52.4045
20.9584
110.01373
20.9516
57.60754
52.362
10.4707
52.34501
94.20573
26.16401
88.94321
68.00436
109.83538
115.04697
20.91424
47.0494
41.81491
94.06828
78.37752
0
62.68168
78.33939
73.1049
73.09305
83.52137
36.53467
67.8391
88.69829
46.9503
73.02197
62.58011
72.99828
15.63995
10.42495
26.05814
83.37252
67.72919
5.20909
78.12373
83.31847
20.82624
26.02858
93.6877
31.22417
83.25096
20.80937
-10.403
52.00655
10.39963
41.59176
77.97191
77.95927
46.76798
62.34721
36.36331
98.68442
46.73768
103.84467
83.06228
72.66772
10.37942
20.75548
72.6324
108.93095
72.60887
67.4116
5.18467
165.88249
46.64689
88.09652
51.81309
51.8047
67.3352
82.86066
20.71181
98.36517
67.29158
25.87719
41.39679
62.08513
51.72923
51.72086
5.17125
82.72657
46.52616
67.19357
41.34319
67.17181
51.66226
41.32312
82.63285
51.63717
92.93185
5.16205
30.96726
10.32075
36.11677
77.38055
103.15736
56.72736
36.09339
56.709
87.627
30.92217
92.7515
30.91216
87.57028
66.95467
97.84099
36.04085
36.03502
77.20539
25.73097
41.16288
25.72264
20.57478
92.57153
97.69859
51.41199
41.12294
97.65117
15.41611
51.37872
66.78154
15.40863
51.35379
118.09461
46.20346
46.19599
30.79234
82.09963
51.30397
92.33221
66.67358
71.79071
92.28742
61.51499
82.00672
102.49182
56.36139
81.96694
76.83158
40.97022
5.12045
133.11014
40.95034
35.82576
81.87421
35.81417
86.96321
112.52243
-46.02446
20.45201
56.23393
40.89079
66.4368
66.42606
61.30645
30.64827
81.7155
97.02147
97.00579
66.36165
-15.31175
71.44329
61.22721
56.11587
86.71051
66.29732
132.57321
61.17775
30.58393
25.48249
71.33944
-25.47426
71.31638
25.46602
15.27714
56.00714
35.63515
66.16887
5.08909
61.05922
71.22425
15.25987
40.68642
71.18973
35.58912
40.6667
35.57762
71.14374
25.40437
106.68113
76.1885
81.25461
55.85352
91.38191
121.82285
101.50265
60.89175
45.66144
40.58139
35.50298
40.56828
40.56173
45.62458
20.27432
60.81312
70.93719
65.8596
50.65306
55.70936
15.19101
55.69138
86.05459
60.73461
60.7248
40.47667
65.76396
45.52155
45.51419
25.28158
30.333
45.49216
96.02349
40.42442
15.15671
65.66847
35.35424
80.79664
60.5877
45.43344
25.23673
50.46531
45.41144
80.71842
50.44087
35.30291
40.33968
40.33316
60.48998
85.68031
95.7449
60.4607
40.30063
95.69855
35.25167
40.28112
55.37761
15.10055
60.39244
75.47837
30.18648
90.54482
15.08837
65.37238
110.61234
65.35129
60.31454
60.30481
110.54098
90.42802
0
40.17727
95.40562
20.08215
75.29593
30.11351
20.07244
10.0346
25.08245
50.15682
55.1636
75.21095
70.18557
65.1618
65.1513
105.22743
5.01002
60.11057
50.08406
55.08358
15.02037
75.08975
55.05694
70.06117
90.06413
-25.01378
45.01754
105.02399
105.00706
59.99436
69.98213
54.9771
44.97401
39.97045
79.92802
64.93105
109.86559
109.84788
34.94597
39.93181
44.91604
39.91893
94.79218
14.96477
69.82436
14.95995
24.92923
29.91026
49.8424
79.73498
74.73949
79.70927
69.73438
59.76269
99.58843
79.65791
79.64507
74.65522
89.57183
44.7787
84.56835
54.71188
69.62209
14.91661
99.42807
54.67663
69.57723
94.41102
94.39581
39.7392
39.7328
94.35019
69.50999
84.39139
34.7438
59.5512
54.57981
54.57101
49.60202
54.55343
44.62744
69.40928
89.22612
0
158.57312
54.50073
59.44577
39.62413
44.56996
44.56279
29.70374
29.69895
39.59223
64.32701
54.42178
44.51974
59.35009
34.61531
29.66549
-9.88691
79.0825
98.8372
59.29277
153.14833
69.15263
54.32546
34.56518
113.55302
59.23551
64.16148
59.21644
49.33909
113.46163
83.84944
64.10984
73.96098
39.43951
54.22059
24.64176
29.56535
39.41412
68.9636
19.70071
108.33649
29.54156
14.7684
63.9861
93.5031
-4.92042
59.03558
88.53912
83.60682
98.34513
88.49638
0
29.4893
49.14092
58.95961
54.03761
49.1172
14.73279
19.64055
83.45893
14.72568
39.26215
88.32562
88.31141
58.8648
83.37838
53.94204
34.32123
73.53365
83.32473
107.81465
63.69841
48.99089
58.77961
68.56518
44.07053
14.68781
39.16119
48.94362
48.93575
34.24951
102.732
58.69456
29.34256
29.33784
58.66624
102.6494
87.97105
48.86494
29.31425
97.69845
39.07309
78.13361
39.06052
82.99027
117.14388
43.92189
92.70908
107.33009
39.02285
53.64779
53.63916
73.13254
68.24606
9.74787
77.97041
82.83024
58.459
97.416
58.44021
77.90774
131.44817
53.54435
68.13639
63.25934
116.76769
111.88438
53.50131
82.67056
68.07069
58.33692
68.0488
38.87878
58.30879
68.01598
102.00757
48.56722
58.2713
97.10322
58.25256
116.4864
53.38102
101.89283
77.62016
126.11247
82.4449
63.03597
58.17769
58.16834
43.61924
155.06572
96.90049
82.35218
53.27814
116.22453
24.20955
0
48.40354
72.59364
62.90438
116.1125
111.25659
91.89285
53.19257
116.03787
87.01442
87.00044
91.81903
53.14985
53.1413
111.09578
24.14738
77.25919
57.93508
120.67868
48.26372
9.65119
4.82482
67.53664
77.17233
72.33743
96.43441
91.59797
86.76308
96.38793
24.09311
96.35696
77.07319
67.42821
38.52421
134.81308
115.53551
72.19809
62.56163
76.98656
67.35241
33.6708
76.94946
52.89425
76.92474
38.45619
115.35004
139.3589
76.87532
33.62755
57.63797
57.62871
28.80973
38.4068
115.2019
62.391
71.97806
57.5732
14.39099
62.35093
71.93182
9.58937
19.17566
91.06976
91.05513
57.49927
95.81672
105.38146
95.78595
71.82793
71.81639
95.73981
105.29688
57.42544
57.41621
28.7035
71.74722
86.08284
71.72418
86.0552
76.48122
71.68964
90.79229
71.66662
42.99307
23.8812
9.55095
62.07119
47.7394
52.50491
109.76537
28.62985
47.70875
33.39076
62.00146
81.06582
47.67812
42.90342
123.92331
71.48274
38.11801
80.98776
76.21154
14.28737
104.75723
76.17484
66.64229
71.39099
76.13817
61.85233
95.14216
104.63957
118.88952
90.34153
23.77027
71.29936
28.51517
76.02824
76.01605
80.75408
90.24007
80.72816
80.7152
28.48315
37.97144
-9.49134
66.42868
52.18559
80.63751
66.39671
132.7721
75.85759
61.6244
42.6562
61.60463
52.11863
18.94919
18.94615
61.56509
118.3754
37.87405
85.20294
66.25832
61.51571
56.77462
122.99194
118.24251
70.93412
-37.82546
94.54848
61.44665
108.69585
80.32752
75.59025
94.47265
103.90324
61.38752
37.77087
37.76481
-9.43969
51.90996
113.23991
28.30544
47.16816
37.72847
70.72954
61.2891
65.99306
28.2782
80.10872
61.24978
47.10766
89.49019
75.34807
65.91898
94.15488
65.89784
94.12467
14.11644
37.63779
94.07938
42.32893
42.32214
37.61365
70.51428
51.70217
65.79221
112.76856
51.6773
42.27464
61.05358
61.04379
93.89845
51.63587
46.93417
61.00463
103.22205
51.60275
84.42732
46.89654
98.46694
89.07485
112.49756
70.2997
28.11537
79.64744
79.63467
65.57097
117.07224
60.8678
93.62775
117.01592
74.87818
79.54531
51.46224
93.5527
46.76885
112.22724
65.45539
84.14344
70.10829
65.42391
23.36194
56.05965
70.06333
88.73266
70.04086
140.05927
102.69367
14.00144
130.65912
111.97557
88.63311
23.32076
102.5949
55.95189
65.26673
88.56208
55.92498
130.47069
93.17841
79.18895
111.77824
135.04372
74.49493
121.03486
55.85329
37.22955
116.32371
97.69624
144.19515
97.66493
111.59916
83.68595
60.43016
120.84096
111.52762
116.15598
32.51846
51.09224
78.94808
106.79499
64.99522
83.5519
102.10261
97.44596
97.43034
51.02676
102.03716
41.73578
78.82162
32.45076
88.06651
41.70903
106.57266
92.65702
78.74584
46.31366
92.61247
101.85739
106.4702
64.79756
78.67014
97.16519
50.88789
83.25775
101.74316
41.61553
134.073
83.20438
124.78658
92.41969
73.9239
36.95602
110.85031
92.36045
110.81478
101.56393
50.77383
133.83682
106.12943
110.72601
92.25689
83.01789
92.22732
59.93815
55.31866
82.96468
78.34298
50.68439
128.99414
55.27435
78.29277
64.46607
64.45573
64.44541
105.85764
46.01768
82.81856
124.20792
64.39379
101.17403
101.15781
87.34956
105.72201
73.53396
82.71245
110.26559
128.62257
124.00903
101.02821
114.78639
87.22368
110.15962
100.96347
64.23919
82.58001
45.87043
64.20831
64.19803
77.94225
32.08873
68.75054
64.15689
68.72851
45.81167
41.22389
50.37669
64.10551
73.2517
45.77498
96.11205
128.12888
105.23185
105.215
96.05047
86.88889
77.73023
50.28798
54.85082
86.83321
109.66649
50.25576
114.19933
100.47931
77.63066
82.18401
100.43102
132.36514
114.0896
50.19138
91.24243
72.98225
77.53122
82.07874
36.47359
68.37703
104.82798
100.25418
63.7879
54.66658
18.21928
81.9736
72.85375
54.63156
63.72661
91.02343
95.55929
31.84799
90.97969
81.86861
31.83269
90.93597
40.91464
118.1789
131.79381
59.07052
127.20844
95.39105
90.83406
168.0161
45.40248
99.86946
63.54311
95.2994
81.67212
104.3421
49.89475
54.42192
63.48207
154.14604
63.46173
67.98382
81.56752
95.14686
104.19177
76.99898
49.81489
72.44641
72.43481
27.1587
99.56596
36.20001
54.29131
81.42392
76.88805
122.09676
99.47031
49.72719
103.95838
103.94173
99.4066
58.73086
108.40883
126.45671
72.24941
103.84189
76.7404
36.10735
72.20313
103.77538
81.20251
85.70003
45.09805
103.70891
81.1505
103.67569
81.1245
49.56815
108.13136
108.11404
49.54433
103.5761
67.53882
90.03733
94.52406
99.00935
53.99645
112.47459
85.467
80.95577
85.43962
76.43373
62.93535
89.89324
170.76981
80.87801
62.89504
148.22885
44.91064
125.72966
62.85476
58.35579
67.32282
166.03636
121.14227
103.17873
58.30907
49.33055
80.70979
85.18002
40.34197
85.15274
120.98715
80.64518
103.03012
98.53477
76.12831
125.36772
129.82436
102.94765
111.8817
129.76199
93.95053
67.09678
102.86525
67.07529
98.36134
35.76203
35.7563
102.78291
93.83024
102.74999
62.53346
53.59153
111.63113
120.54231
66.95723
62.48341
40.16147
62.4634
80.29722
80.28436
98.10962
115.92917
138.2011
89.14772
80.2201
106.94301
89.1049
155.90862
111.34546
160.31178
89.04784
80.13023
75.66643
71.20406
62.29358
71.18126
31.13681
80.05327
111.16729
120.04145
111.13169
75.55745
93.32073
111.07832
93.29085
133.2513
79.93797
106.5669
66.59364
84.33845
115.39202
115.37354
168.59587
57.6683
70.965
146.34189
62.07449
88.66365
62.05462
88.63525
62.03474
119.61928
110.74086
97.43635
66.42324
66.4126
26.56079
70.81742
132.76141
44.24672
75.20738
88.4651
88.45093
57.4839
101.686
123.77183
92.814
83.96113
88.36598
83.93424
106.00523
88.32354
48.57017
52.97715
136.83574
79.44029
110.31606
105.88647
114.69197
123.49465
79.37671
52.90933
110.21012
70.52319
83.73287
52.87545
70.48931
96.90729
48.44589
96.87625
101.2635
92.44318
127.63918
105.61551
118.79842
96.78322
79.17359
61.5696
52.76549
127.49619
74.72717
92.29526
101.0691
52.72326
114.21544
131.76595
57.08943
96.59741
144.87293
96.56648
74.60761
92.14758
87.74554
127.21067
74.55983
144.71062
87.68935
52.60519
43.83064
96.41196
109.5415
113.90492
109.50643
118.24801
83.19824
157.61353
105.05885
43.76751
122.52941
109.38374
109.36623
113.72266
118.07771
109.3137
91.80881
109.27869
87.40896
139.83194
100.48811
69.89358
104.82358
82.97205
48.02876
87.31103
78.56735
87.28307
82.90564
87.25512
69.79292
69.78174
109.01651
113.35902
47.9519
87.17132
87.15736
143.78661
126.3377
104.5386
100.16678
74.02446
95.78101
126.23658
82.69348
73.97705
100.07057
95.70435
69.59202
113.06892
147.83568
130.42236
126.05476
91.26642
82.56116
121.64958
186.78909
121.61063
138.96132
130.25537
73.79956
91.14956
108.494
121.49383
78.09067
82.41584
151.79434
121.41602
78.04066
117.04224
125.6919
121.33826
103.98757
116.96729
69.30285
64.96101
138.56131
82.2576
95.23039
82.23126
90.87262
60.57204
95.1694
103.80454
151.35738
103.77129
82.13911
82.12596
159.9039
108.02587
125.28994
90.71267
129.56877
129.54802
86.35152
86.33769
107.90482
151.04256
99.24065
129.42358
138.02972
133.69487
116.42528
120.71799
60.34933
94.81947
124.96928
124.94927
99.08183
116.29482
103.35661
68.89337
116.23895
103.30696
137.72055
68.84925
94.65256
60.2238
73.11719
111.80837
55.89523
103.17467
111.75465
90.24892
60.15631
85.92382
137.4561
94.48593
64.41191
137.39006
111.61154
60.0889
77.24478
94.39516
102.96005
137.25809
98.63844
158.65382
81.45783
98.59106
90.0035
77.1335
72.83664
85.67644
124.21094
115.62614
89.91704
98.46479
102.72942
38.51736
149.76573
77.01004
89.83066
102.64716
51.31536
111.16547
64.12366
94.03296
98.29144
119.63998
111.07647
68.3438
68.33286
128.10358
98.19701
110.98753
123.77396
98.14983
42.667
119.44846
106.63333
98.08695
98.07124
102.31881
76.72681
63.92877
161.92694
97.99271
93.71714
136.29401
106.46264
97.92993
127.71423
93.64211
123.41754
68.08153
89.34269
123.35824
63.79576
97.8045
148.80908
106.27518
42.50326
67.99432
118.971
46.73112
144.4185
67.95076
140.12599
127.36685
123.10157
84.88403
110.33156
93.34252
89.0854
84.82964
72.09365
76.32222
110.22554
127.16294
67.80937
84.74813
127.10183
88.95702
122.82574
131.27544
114.31835
127.00004
84.65313
80.40759
97.3199
97.30431
114.2085
93.04386
139.54344
109.9257
67.63574
114.11703
122.5505
88.72925
97.16408
114.04391
71.79392
105.56237
63.32727
122.41311
71.74791
67.51662
109.69693
92.80561
92.79073
46.38794
84.32819
88.5304
71.65598
88.50203
109.55639
75.83457
80.03478
151.62054
134.75221
88.41697
79.98349
96.8066
96.79108
96.77557
75.72527
88.33199
46.26172
58.86912
155.55774
113.49692
50.43499
100.85381
63.02353
113.42417
100.80533
96.58962
75.57977
75.56765
96.54319
75.54343
121.68935
54.54166
100.67616
138.40753
163.54631
109.0134
96.41947
88.02107
100.57938
83.80271
92.16821
108.90861
117.2674
104.68625
138.1637
108.8388
133.93398
75.32578
150.62741
142.23642
71.10681
66.91333
167.25652
121.24154
133.76231
0
87.75338
79.38319
104.43482
133.65514
116.9295
129.43691
37.57243
96.00305
116.85455
87.62686
112.64504
129.31247
108.43823
100.08078
79.21792
66.69913
125.04082
162.52701
91.6672
79.15443
116.62994
133.26999
137.41264
112.41051
99.90443
124.86051
124.84049
108.17775
137.28052
116.46176
108.12573
133.05647
141.34984
99.76036
112.21241
162.05861
91.40302
149.5446
149.52062
95.51174
91.34441
145.29735
95.46581
95.4505
87.13648
112.01466
99.55262
116.1261
111.96078
103.65076
78.76195
136.77513
140.89723
66.29395
140.85205
99.40904
107.67585
107.65859
136.62167
115.90283
111.74552
111.7276
86.88531
111.69177
111.67386
95.11433
140.58124
148.82684
86.94507
182.9707
12.25977
67.01636
50.91211
14.25879
5.89478
217.15381
373.6665
8.16895
4.86572
81.28052
123.76404
111.36977
123.72434
140.19843
90.70208
131.90913
131.88797
74.17509
86.52372
131.82452
82.37711
90.60029
111.17342
123.50621
127.60262
127.58215
144.02126
98.74159
131.63434
98.70991
82.24506
90.45506
106.88429
147.96988
61.64423
123.26868
73.94934
127.33676
147.85123
90.33904
102.64153
106.73006
98.50425
160.04372
147.70897
90.25211
139.45815
135.33472
123.01183
135.29131
127.07143
90.16526
106.54185
90.13633
155.66504
126.96953
94.18808
118.73983
143.28369
102.32908
122.77519
98.20439
118.64459
155.44038
94.06725
65.42758
134.92273
130.81317
171.66473
118.51139
159.35181
130.72922
118.45435
122.51931
110.24969
97.98399
118.37833
134.68475
110.17893
97.92111
93.826
118.28336
85.63973
130.47768
81.53546
126.35969
105.96208
105.94508
101.85391
122.20508
81.45698
101.80488
130.28932
93.63042
203.51173
122.08744
126.13677
69.16068
142.36676
113.87513
97.59159
65.05061
113.82031
130.05946
138.166
93.45023
89.37283
85.29673
117.77181
97.45068
125.85359
133.95168
109.57923
113.61948
142.00154
93.30032
101.39711
81.10466
105.41914
121.61794
113.49185
153.99992
113.45541
153.95047
89.11491
101.25069
133.62946
97.16945
101.20193
117.37538
161.87108
60.69191
129.45529
141.56899
113.237
117.26234
181.9296
149.56253
145.49693
113.14611
121.20851
96.95123
141.36452
117.11179
145.35681
133.22234
117.05537
117.03658
129.12306
116.99899
153.28439
129.06087
104.84512
129.01941
124.96748
116.88629
100.74786
120.87801
76.54378
104.7273
96.65582
76.50691
112.72891
104.66003
88.54426
104.62641
136.79718
92.5244
132.73108
96.51618
108.56326
88.44475
72.35226
116.54881
120.54836
112.49373
76.32277
132.53931
136.53371
124.46661
112.4034
124.42663
112.36729
124.38665
84.24839
120.3355
152.40048
136.33641
148.34227
104.22376
88.17517
100.18295
108.18021
108.16283
128.17238
120.1423
120.12299
128.11061
136.09564
108.05859
96.03664
128.02828
160.00963
115.98834
159.95822
91.96119
99.94176
95.92867
135.87711
139.85101
171.78935
155.78391
123.80833
123.78843
147.72374
159.67567
127.72001
127.69948
63.83948
87.76518
127.63792
155.53371
123.60949
135.54991
107.62527
135.50633
87.66647
139.44698
95.60542
167.28258
143.36202
95.55932
135.35393
147.27325
167.14816
111.4142
87.52566
107.40058
159.0864
135.20169
99.39703
111.30678
147.0603
131.14081
123.17307
91.37178
127.10552
95.31381
131.03542
150.86501
178.62721
150.8165
87.30078
142.83286
122.97517
95.19128
126.9013
162.56615
158.57561
122.87634
107.00412
178.31152
142.62628
154.48695
114.85644
106.91811
126.69738
106.88372
118.74059
126.63626
122.65915
114.7272
142.39706
98.87095
181.8933
98.83915
86.96446
169.94865
173.87299
193.60013
86.90852
150.09058
142.16821
138.19685
98.69616
106.57471
98.66441
122.32419
197.26535
145.95288
138.04132
94.64168
189.2529
106.43764
165.54302
133.98946
70.92418
137.88594
133.92479
157.53323
153.57019
153.54549
125.96577
122.00971
125.92524
145.57764
173.09149
129.79773
70.78737
133.68796
98.28416
141.50641
90.39233
145.39034
129.6516
172.84097
145.32016
172.78536
109.93662
133.47299
98.12611
184.4474
129.48477
129.46394
78.45036
156.87547
149.00772
180.34874
141.11977
141.09706
113.64323
152.80594
227.21329
164.50728
156.64838
125.29853
113.53352
97.85797
183.94336
133.04399
136.93501
133.00116
132.97975
125.13727
125.11712
152.46195
183.7066
171.95297
179.74007
132.82997
148.43312
144.50372
140.57558
187.40393
175.66289
132.70171
156.09451
136.56072
136.53873
128.71578
148.19431
155.96889
101.36346
152.02069
136.40686
136.3849
116.88252
144.13188
124.63453
183.02748
151.84941
179.07559
163.47748
159.55945
178.98909
155.61762
163.37218
112.78644
163.31957
167.1812
171.04158
104.94042
159.32831
151.53178
151.50737
151.48297
139.80791
186.38052
143.64517
147.50371
139.71785
116.41279
174.59105
155.16704
151.26349
112.45986
186.11047
93.04025
166.67024
116.26283
147.24254
178.21225
108.45954
143.29845
135.53075
123.89385
135.48708
193.52177
143.18303
92.86051
127.66264
166.32147
127.62149
177.86797
135.31252
177.81064
135.26891
127.5187
173.86112
193.14787
150.63106
142.88336
150.58252
138.97684
162.11351
158.22817
169.77847
100.30747
135.00752
127.27229
142.67622
146.50873
111.79127
150.31575
177.26692
123.29624
138.68591
184.88474
188.70607
138.61885
157.84601
165.51914
165.49245
165.46578
161.59168
126.94441
153.84721
169.20465
134.57291
153.77281
142.2169
149.88014
153.69844
111.4134
138.28398
161.3053
176.63922
153.57455
119.00109
88.27689
153.50028
164.98618
126.59689
180.27557
141.89618
157.21095
138.01662
176.32613
122.64187
172.43732
199.22876
134.07465
145.54329
95.73672
183.78485
187.58344
126.31133
191.34993
149.22887
91.81834
126.22984
114.73589
152.95651
118.52217
137.61644
179.63693
217.8224
152.83318
137.52766
137.50548
156.57819
152.73456
164.16316
110.69682
129.76155
202.24271
167.87251
183.10411
205.95888
190.67189
179.20265
160.1127
148.65208
125.76224
121.93158
129.5314
159.98355
159.95773
114.23708
171.32797
121.81356
182.69086
148.41235
133.16908
190.21085
133.1261
171.13449
182.51399
163.47572
152.0459
144.42029
167.1965
159.57089
155.74645
159.51938
136.70882
136.68675
163.23837
174.59891
182.16075
159.36493
231.4212
178.27936
166.87288
189.59766
163.02765
109.93113
170.55524
204.63324
147.76682
136.37811
147.71909
143.90819
155.24428
223.36423
147.6237
166.52292
177.84802
166.46913
174.00781
136.15804
124.79137
223.07581
147.43308
181.42677
207.85127
192.70369
181.33888
147.31404
151.06693
169.92284
181.22174
203.84152
173.61473
158.49219
184.87769
181.07541
177.27437
199.87283
180.98767
165.87856
147.00496
173.36246
229.85655
184.60904
192.11305
184.54938
161.92534
192.01994
146.81505
154.31909
176.87378
146.7439
154.24429
195.59529
131.6294
195.53207
210.53897
176.6738
184.16206
225.46812
161.55937
161.53326
161.50714
240.34387
153.9454
142.65805
206.44537
198.90611
187.61694
142.56583
191.30742
213.77962
157.49635
202.46259
194.93245
202.39713
168.63701
168.60974
168.58247
164.80956
164.7829
168.50072
168.47348
220.85173
145.96314
179.61789
153.3988
239.41307
187.01122
194.46021
142.08257
145.79799
156.98784
164.43684
186.82983
160.64768
197.97557
179.26964
164.30391
194.14595
205.31346
164.22421
164.19765
212.67618
197.71954
186.4977
231.21974
193.89487
167.7665
164.01181
216.16242
190.04309
126.6749
141.55493
193.6754
178.74837
152.65619
219.64044
141.44045
178.63272
137.67377
230.65926
167.38689
159.92159
197.08077
230.51
126.38825
182.1183
167.22444
174.62837
196.88948
163.42897
148.54775
181.94153
178.1996
200.44211
144.74031
174.40239
192.92461
204.02185
192.86217
189.12265
196.50742
222.42522
211.26975
166.76491
233.43308
196.34842
185.20436
225.91275
214.7675
207.32816
166.57602
225.76648
207.22748
192.39435
207.16037
210.82552
244.07423
210.75725
177.45105
221.77789
221.74199
229.09628
177.33614
221.63428
151.42557
162.47916
169.83707
199.34166
199.30937
232.48994
276.72891
191.83431
224.99994
199.14801
206.49042
232.26408
217.48193
151.10703
180.56207
151.05808
151.0336
209.93953
191.49275
206.18956
213.51888
246.61115
231.85053
220.77425
220.73848
198.63243
194.92247
205.92244
231.62521
187.47574
198.47156
246.21184
209.42987
220.41676
202.01596
179.94869
242.34058
212.93144
198.21439
231.21265
168.79457
227.46884
205.42242
231.06278
183.35342
223.65492
208.95515
194.26013
194.22865
260.15091
223.47371
194.1342
223.40126
259.98227
205.02318
201.32941
259.85584
245.1763
193.91399
256.07129
215.79652
259.64523
219.38292
204.7242
274.13974
182.73018
226.54868
149.79016
175.33565
175.30721
204.49191
226.36504
211.7265
233.59134
259.09836
207.97481
248.07005
229.79233
204.22672
222.42516
240.61769
258.80432
218.67239
214.99298
251.39168
211.28046
233.09923
218.49509
243.94659
232.98579
247.50725
207.43565
265.62009
240.1107
221.88449
287.31198
232.7213
239.9549
283.53705
250.78053
218.03464
225.2659
247.02573
192.50351
188.84071
261.42932
199.67055
257.71469
246.78526
199.57333
217.68103
275.68454
246.62508
235.70628
235.66803
253.75514
202.97116
217.43379
213.77518
206.49504
235.43857
202.80644
231.74117
282.3887
253.3846
231.62831
307.58139
307.53143
180.87148
235.09474
235.05656
238.63406
216.90482
238.55656
202.37875
289.06555
249.27855
278.13522
231.13979
234.71321
263.55817
263.51538
256.25415
241.77802
223.69853
245.30693
241.6602
270.47122
256.00449
255.96289
270.33942
234.25609
277.45828
234.17998
284.57251
270.11987
280.87903
277.23297
248.38918
230.35252
251.90712
287.84708
277.00778
302.14121
255.33975
284.06427
230.09061
291.1611
251.57982
276.69281
262.27652
247.86491
298.10788
226.23789
251.33456
222.57443
244.0742
254.80077
222.46591
211.66701
308.48142
276.15356
276.10867
283.23428
293.9422
293.89441
268.76218
286.63303
290.16876
279.37634
275.74973
264.96317
261.34006
272.03583
297.04343
243.32132
314.83521
243.24217
293.27374
289.65012
210.9454
300.28021
282.36044
268.02011
253.68443
242.92586
271.46121
264.27451
239.23663
253.47818
299.84088
289.08524
292.6066
317.53354
278.24252
285.33054
295.98227
274.54129
260.23703
292.2735
242.33371
277.92578
281.44312
338.38919
252.86025
309.79242
302.62149
263.41583
327.43665
288.23972
295.30866
263.24439
288.09897
256.0463
284.44959
298.62344
295.02039
266.54129
291.37103
245.13815
259.30682
262.81619
291.18134
298.23477
252.03835
294.58841
273.24835
326.42539
312.18216
237.64543
361.72968
280.11755
212.71286
311.92807
372.12628
276.39166
294.06116
368.40219
318.75766
318.70575
332.81622
293.82178
304.39224
290.1872
329.06116
254.71552
293.58255
286.46161
265.19904
364.14734
296.92615
293.34351
318.03149
303.84726
321.46042
377.91934
356.66946
257.74881
338.9021
307.07999
285.85547
282.2804
324.56955
313.93457
296.24951
303.25366
345.51181
313.72998
317.20334
331.24725
310.05328
362.84412
327.56314
323.98813
292.246
295.71881
316.78995
320.25763
288.53674
358.85306
260.30191
351.702
355.1611
390.26193
295.28522
337.41379
274.104
358.38525
351.30078
351.2435
291.48456
263.34671
340.53955
322.93329
322.88062
350.89996
399.96072
315.70697
378.78656
336.64426
315.55252
343.54556
364.5195
329.4158
374.91214
297.77884
339.76276
360.72015
346.65503
374.60645
336.04068
328.98615
349.92813
353.36975
314.83258
349.7569
325.22083
349.64276
328.61057
419.43439
352.96634
345.92044
300.44751
401.69562
373.69058
335.21906
366.586
352.56326
366.46637
355.93778
327.96756
380.24072
352.27564
390.57852
320.77997
383.47867
369.47366
358.95822
337.99286
418.06723
330.91583
309.96527
365.62967
393.42291
421.20706
355.00913
421.06952
403.60403
365.27158
379.12476
386.01813
403.34045
399.79807
340.64185
413.56897
434.35022
375.21729
399.47168
361.20233
395.86865
409.69183
357.55396
416.49963
423.37213
405.95447
423.2338
443.97604
433.49951
395.28696
450.69217
346.62964
370.8331
401.95898
377.64111
426.07584
422.54276
367.06732
439.71631
408.48856
404.9606
387.59122
404.82822
390.92404
373.56543
428.83835
470.26196
428.69818
463.19489
355.97965
428.48798
411.14301
473.25531
435.18555
414.39465
452.30689
421.16348
448.7074
424.47681
445.1102
410.53839
420.81928
417.30167
375.85492
386.13638
441.22656
430.81482
444.5282
489.24558
378.93106
406.42319
468.34332
433.83536
406.22379
426.80942
447.38828
416.34711
433.48062
474.68683
426.46039
474.53149
484.7681
415.9386
474.29862
426.11163
391.68369
467.19531
453.38007
425.83279
442.93097
453.15753
449.65091
432.41788
494.11099
425.41483
493.94925
435.56451
435.4932
421.70786
455.9184
520.96429
469.47647
469.39963
476.17423
441.84473
503.41504
506.75665
424.51038
451.82416
462.01724
431.14548
427.65366
431.0043
465.1348
475.31729
464.98248
519.6012
451.15872
492.09253
444.17746
495.34757
426.9538
498.60037
478.03162
454.05566
498.35541
511.92511
515.25354
484.46365
429.80579
470.66254
480.81555
504.60315
504.52048
494.21271
470.2771
500.86527
446.27618
504.10727
493.80792
555.01727
483.43274
486.75742
524.11438
588.68134
510.33371
561.27509
476.15533
527.08557
503.19919
540.5105
540.42194
479.16351
550.43805
533.36176
499.30783
594.31659
550.07721
505.85223
526.13586
539.62506
505.60346
485.164
580.06604
563.0127
535.79169
552.65649
552.56586
569.4223
528.66254
528.57587
599.63196
609.69519
589.27533
507.91266
480.74512
548.36572
483.9718
561.72125
554.86249
585.21625
537.76947
581.64258
598.45264
534.12427
594.87628
635.33173
503.45157
581.07025
493.15308
560.61627
543.64105
557.05621
597.47131
600.74823
597.27521
597.17719
593.70581
586.86285
593.51093
532.72351
542.74939
569.62482
586.38135
549.22107
576.08209
562.51416
565.78955
552.22772
606.00409
578.97546
585.61157
582.15039
619.06409
558.41174
665.948
571.67963
625.38202
605.10901
618.45435
551.1405
571.21033
601.35211
601.2533
607.87134
648.06574
577.45593
657.9231
590.69104
573.81574
563.65619
536.72723
603.71893
670.6886
620.28503
640.29712
569.80432
650.14044
619.87744
613.07526
609.62494
643.01514
636.21246
723.1543
609.2243
639.24567
629.10175
565.42938
605.47864
648.85938
655.44092
615.21069
601.73761
648.43286
641.64246
641.53699
638.0907
617.94434
651.23962
657.81085
607.62378
714.34125
704.2113
644.03052
610.56061
647.15454
637.04224
683.62396
613.49329
693.40009
673.28735
643.18359
663.06989
676.28662
672.84448
639.43018
719.2406
682.50031
619.14227
695.58844
692.14636
721.9762
745.14313
681.82684
685.04004
621.75446
674.84161
688.02576
687.91248
651.24957
684.36395
700.85938
737.2757
743.79535
693.87341
687.12036
680.36951
680.25751
673.50995
719.84039
696.50507
709.65497
755.95654
732.62671
732.50604
762.21112
712.3844
791.77594
675.71423
695.47363
685.42542
721.7301
708.37067
685.08679
694.90112
711.32922
694.67224
697.8653
793.64966
671.18475
757.0246
773.42609
700.5954
723.60901
720.18622
713.46143
848.74713
762.75598
713.10883
765.80554
765.67932
725.95557
801.71881
798.28796
771.77112
781.5368
768.21967
705.45886
777.85443
734.88538
800.66242
757.70367
777.34174
803.55981
734.27991
800.00275
885.45374
737.20795
776.57318
736.96491
779.60663
809.07849
779.34955
756.20606
700.19708
828.26563
821.55658
801.70697
788.4342
781.73499
840.71912
797.89471
781.34827
754.9599
843.44647
741.58545
803.79852
803.66596
777.29553
852.58862
829.49744
852.30731
825.94617
809.42481
861.71497
845.19305
838.50281
802.341
841.50043
834.81403
811.76355
818.17499
840.94507
893.15222
749.07727
847.06982
892.71002
899.10162
879.33966
823.63202
800.62122
891.97351
898.35974
865.54919
904.59454
878.32404
917.35425
884.56213
871.36194
907.11096
854.76196
851.35889
883.83203
877.16443
886.80042
896.43329
844.1377
896.13715
915.53803
944.7052
859.86548
921.59747
888.88532
895.24939
960.19977
937.2605
881.79041
884.89801
936.79602
926.88458
939.73816
936.33179
965.43256
900.27148
893.62366
919.46796
961.54608
984.12268
922.25958
964.31628
983.63483
921.80237
944.3667
934.4765
882.41522
930.92389
959.95795
998.71002
969.36664
927.06696
972.28711
978.60718
913.64764
942.65076
952.2113
942.33899
906.56799
935.55298
1019.5517
941.71582
957.73804
1051.39661
950.95221
931.39093
1018.54034
998.9743
979.41473
1011.57129
1056.64246
998.31342
962.61548
1036.73975
1036.56824
1013.7962
945.83801
1058.64685
987.47662
971.18066
1019.40967
1028.91724
977.14838
1015.6792
1021.9588
1102.37244
1057.07117
1024.67371
1072.82971
1101.64282
1066.03333
1007.89484
1107.53491
1117.00867
1100.7312
1061.93323
1048.88757
1145.22131
1080.7041
1061.2301
1054.62366
1048.01953
1057.48865
1060.52722
1069.99121
1024.83679
1060.00049
1072.67127
1194.51379
1088.36853
1142.75818
1190.71082
1094.24561
1106.89795
1190.11914
1145.01929
1192.93164
1167.08386
1173.302
1147.46582
1140.86633
1089.41089
1092.43396
1169.12708
1200.95886
1251.99231
1136.53101
1104.33301
1155.35693
1151.96545
1177.36951
1151.58362
1097.02136
1112.82849
1144.61658
1233.93506
1157.02185
1172.80835
1153.44312
1169.22485
1175.41907
1264.64343
1190.99439
1232.29919
1200.17529
1174.44482
1209.34998
1215.53015
1228.08789
1170.47669
1294.64502
1208.34741
1259.15051
1271.69043
1172.69287
1290.38538
1264.68652
1216.70044
1241.97498
1244.953
1247.92993
1219.07617
1311.16455
1180.48877
1237.55774
1262.79919
1281.67163
1297.35791
1243.09497
1296.92725
1252.21704
1299.67444
1251.80139
1280.18323
1343.49292
1273.4071
1349.39697
1203.1449
1152.16113
1288.42908
1262.83167
1240.41504
1290.95935
1274.88818
1322.23901
1436.15064
1353.4978
1337.42676
1356.21692
1343.31897
1343.09583
1346.03992
1377.48254
1339.26062
1364.36267
1411.61182
1360.745
1332.04297
1303.35046
1315.78565
1438.90149
1359.61499
1368.87317
1397.09338
1409.50256
1466.14465
1396.3971
1345.62512
1376.98364
1417.80481
1430.19788
1414.177
1423.41028
1426.32935
1385.07629
1369.07336
1472.92847
1318.16223
1381.00256
1415.44995
1383.69531
1427.58496
1402.1405
1480.66626
1404.8241
1486.47253
1445.29114
1429.30957
1447.95825
1466.60071
1504.11707
1494.42847
1475.30603
1412.15833
1462.23694
1524.87512
1480.61182
1533.797
1542.96936
1417.03333
1567.58765
1542.19934
1560.78528
1551.10584
1510.03601
1607.08899
1575.43835
1531.24695
1496.48206
1587.19898
1489.71155
1542.77075
1633.43445
1529.71851
1629.75659
1510.40759
1597.88306
1575.68897
1581.6908
1615.87451
1546.72302
1571.50952
1590.02771
1592.89246
1620.7876
1645.54504
1635.88733
1732.56348
1522.776
1706.97583
1656.67859
1681.40503
1687.37451
1621.48425
1649.32776
1599.08167
1729.96814
1642.2594
1601.40442
1691.65027
1728.81567
1694.20667
1631.53308
1752.90405
1612.27832
1718.02197
1680.32581
1729.91724
1623.6698
1754.26819
1750.86047
1734.99414
1747.16248
1700.16357
1749.69348
1768.07874
1696.20117
1692.80664
1776.52844
1788.67529
1772.82593
1707.22669
1772.23486
1809.24341
1812.04981
1793.10193
1823.87402
1776.97107
1804.6294
1795.01172
1853.70813
1806.83118
1849.98584
1747.26233
1830.75098
1811.83093
1814.63062
1786.41516
1826.42883
1832.32495
1785.52124
1844.11096
1893.38452
1862.08557
1840.09021
1858.36694
1889.02441
1907.28662
1906.96838
1915.93579
1931.08948
1865.78943
1874.75903
1880.63245
1901.96692
1938.75476
1913.69836
1913.37891
1974.87085
1949.82068
1900.06262
1955.34778
1948.84424
1948.51892
1849.39453
1936.43237
1974.11182
1932.98047
1926.47363
1180.02979
2069.61743
1958.25281
1967.17578
1979.17847
1852.4729
2089.46216
2067.54419
2138.05664
2073.01392
2054.18921
2047.6875
1988.84985
2065.47266
2095.9043
2055.55078
2153.6604
2190.21436
2122.18433
2075.70313
2115.32593
2158.00977
2123.8396
2197.23804
2120.05713
2104.34277
2128.56299
2122.06519
2201.54321
2188.89526
2124.07056
2191.23242
2215.41357
2242.65454
2150.25708
2171.36597
2308.99023
2228.89136
2231.58398
2267.98901
2178.7439
2181.44336
2340.37061
2287.91162
2223.22095
2323.8877
2378.60156
2280.25977
2258.45654
2276.43701
2334.18115
2339.9082
2293.6438
2348.29834
2308.16211
2439.21216
2411.29858
2401.72827
2315.78272
2416.19751
2330.27832
2503.94287
2344.76367
2420.6853
2337.87451
2429.02954
2523.20508
2367.20606
2525.41016
2509.73999
2399.55615
2475.36621
2380.46484
2559.86621
2446.70044
2424.96582
2400.19214
2542.92505
2509.00513
2502.49609
2398.58472
2532.09155
2549.92481
2528.20093
2561.23779
2591.22217
2575.58398
2511.30566
2562.56177
2683.70459
2619.44019
2655.46069
2585.14697
2542.19214
2629.83203
2668.86255
2713.95142
2725.63745
2625.03467
2679.21069
2621.12109
2666.17969
2723.354
2665.28589
2704.25098
2628.01856
2766.98804
2708.95142
2775.14917
2835.2666
2759.07544
2682.90991
2664.29443
2724.38965
2814.73047
2835.44116
2825.88892
2916.16699
2752.35156
2821.44312
2887.48779
2941.41821
2820.02344
2879.99097
2797.92676
2860.89868
2860.4187
2832.75879
2968.16065
2901.24487
2885.66553
2918.37915
2815.29541
2950.58618
2992.32129
2892.29297
2940.05444
2984.78516
3020.45728
2995.83887
3040.53711
2913.48438
2919.02026
3078.16089
3011.39331
2950.66992
3031.45483
3082.11377
3159.83984
3075.06104
3026.41089
3080.04395
3103.58569
3130.12598
3126.59399
3168.15039
3137.56494
3227.18286
2968.26904
3157.01074
3270.60645
3219.00928
3188.44531
3139.88086
3304.42456
3276.86206
3270.31104
3302.75903
3260.21411
3199.69092
3271.11157
3267.56397
3356.93262
3206.53052
3409.73706
3277.35083
3348.68579
3330.15454
3365.52539
3323.04736
3316.5022
3384.77759
3420.11499
3329.78833
3433.92114
3433.34375
3453.698
3536.8291
3425.63355
3389.19287
3400.57568
3561.3396
3444.23999
3584.0354
3553.57056
3493.25879
3492.67114
3542.82349
3512.3855
3628.1582
3609.64868
3689.57373
3563.70142
3548.19336
3699.63623
3737.76221
3600.04541
3724.58569
3750.77124
3893.11597
3731.63989
3781.63208
3739.31519
3860.729
3711.271
3713.62183
3775.4751
3712.37158
3765.28125
3838.98877
3731.30884
3787.16089
3932.15869
3958.24146
3844.67114
3826.19971
3831.49561
3860.54663
4008.354
3799.87329
4048.55786
4021.16724
4082.79981
3915.97974
3953.87988
4065.90845
4080.04932
4055.64453
4043.10449
3968.33203
4118.78418
4168.45508
4067.03955
4004.15918
4133.77539
4038.33765
4123.50147
4084.33081
4116.19336
4290.06055
4141.4292
4324.10596
4276.0625
4319.69141
4369.21826
4306.41211
4441.62402
4420.19238
4342.63867
4238.52734
4234.85938
4378.82666
4383.99268
4462.94873
4618.60889
4390.62695
4395.78662
4501.23389
4423.79541
4570.48438
4434.0957
4424.5044
4612.3794
4532.04004
4557.79102
4698.4165
4529.74609
4723.3335
4637.15381
4692.30176
4832.78516
4620.09277
4678.15772
4686.19287
4770.69824
4740.48535
4830.83301
4844.71631
4699.87451
4960.63086
4959.79346
4794.44092
4864.12598
4939.66065
4953.50781
4802.94629
4922.48193
4959.80322
4994.17676
4919.98828
5024.75635
5067.8999
5014.26221
5074.9834
5167.92822
5108.43848
5060.69043
5039.32617
5050.19238
5327.57959
5338.39307
5369.69727
5169.729
5441.0542
5261.62598
5237.32959
5286.17578
5367.17969
5304.85986
5292.26758
5466.77734
5278.78662
5467.85156
5449.396
5428.02441
5359.92529
5630.62012
5565.4292
5587.84375
5627.76465
5644.32373
5517.896
5502.37549
5580.20361
5611.34131
5864.08447
5656.09131
5707.60449
5741.61328
5798.92285
5821.25
5849.39551
5816.36768
5853.24072
5907.56982
5842.52637
5940.49756
5913.30176
5854.10889
6132.39209
6137.17139
5935.47266
6120.55615
6073.00586
6048.72461
6076.76221
6194.86572
6190.91162
6230.5293
6180.10303
6327.14502
6328.97705
6226.31055
6204.94043
6282.23633
6437.83887
6396.13818
6432.7583
6347.57568
6418.98242
6417.89502
6477.67188
6563.50879
6611.65088
6564.18164
6565.96582
6576.43701
6494.25293
6756.58398
6764.12256
6545.93604
7010.66113
6604.46826
6834.74072
6671.63574
6719.65918
6996.04932
6835.88916
6875.18994
7076.28662
6890.19287
7125.87988
7084.24023
7143.67676
7099.16016
6944.9707
7163.13184
7075.35059
7074.15088
7142.18066
7236.14404
7203.19727
7464.3374
7304.52783
7294.64258
7342.39307
7395.88916
7535.78662
7344.41699
7441.08008
7399.50928
7447.19141
7762.53076
7395.74316
7607.40332
7568.71484
7716.99561
7692.67969
7751.75488
7747.56445
7918.70801
7790.91602
7881.54004
7785.39844
7755.35303
7886.14209
8005.40137
7940.88232
7890.73731
8173.51904
7965.53272
7915.40772
8060.35498
8107.7417
8327.16016
8170.92871
8341.53125
8305.72168
8275.65625
8176.83887
8267.11523
8560.71094
8527.75684
8500.54004
8656.53906
8549.16992
8702.24609
8632.09961
8759.36231
8860.84082
8596.24316
8706.29102
8710.5293
8900.54981
8804.73145
8897.52441
8987.42969
8803.09863
8861.57422
9042.80859
9223.98047
9276.64453
9246.5293
9110.84766
9140.68066
9230.40332
9456.98731
9398.35059
9311.22363
9398.00391
9467.65527
9523.03516
9427.39746
9713.49609
9412.79883
9707.34375
9606.04492
9832.1377
9728.00488
9848.71191
9852.72559
9910.78711
10056.99805
9913.10156
9917.10156
10117.24609
9856.88086
10133.69531
10097.875
10164.33496
10270.53613
10229.03027
10346.54102
10461.17285
10391.27051
10633.55957
10447.31738
10431.35449
10375.68555
10765.28027
10664.20508
10554.65918
10674.74609
10854.30469
10654.1084
10677.79102
10828.93164
11121.62402
10938.50684
10996.09668
11127.26367
11057.44336
11114.98242
10917.87402
11145.13965
11242.22852
11014.09277
11396.72461
11459.79785
11477.62891
11438.9375
11380.48047
11598.87988
11512.1709
11671.1709
11652.24023
11647.43066
11766.81055
11866.39551
11949.0166
11859.52832
12069.04492
11934.44434
12256.66016
12172.81543
12176.37695
12188.39063
12273.65918
12158.87891
12472.27344
12382.84277
12473.64941
12494.04297
12615.76074
12613.6084
12687.42871
12589.61133
12714.04102
12863.73828
12729.38477
12940.87891
12868.39746
12967.37695
12925.82422
13041.61523
13101.1875
13216.90918
13214.65234
13302.23828
13443.12891
13294.89063
13536.75293
13663.50098
13506.88379
13664.44434
13726.6084
13965.38477
13623.80566
13999.85352
13871.35938
13756.91699
13959.06445
13858.65039
13993.50098
14030.30859
14165.08398
14241.03418
14244.19727
14409.64258
14317.66016
14401.92188
14614.79492
14726.93652
14864.2002
14853.27344
14800.43164
14904.08008
14837.27734
15169.92676
14899.23047
14907.85254
15430.1582
15380.06738
15413.71875
15464.09961
15617.68848
15400.23438
15484.05664
15894.09766
15749.19336
15799.46191
15849.71289
16089.42969
15874.9375
15955.78906
16178.65234
16058.93066
16161.98047
16111.89356
16657.42578
16387.43555
16487.57422
16551.51367
16565.36914
16804.46484
17043.47852
16873.76953
16954.26367
16879.10938
17326.32813
17165.01758
17275.95508
17286.88281
17469.95117
17658.50781
17719.32227
17752.36523
17738.22656
17615.90039
18023.38867
18150.64258
18044.94336
18147.19922
18360.28906
18154.83984
18259.79102
18500.45508
18696.7168
18615.9707
18839.83398
18640.04492
18938.5625
18860.59375
19070.42383
19097.58789
19478.80273
19157.41797
19544.01953
19322.26172
19551.14063
19674.92188
19613.51953
20057.72656
19896.83789
19965.23438
20157.86719
20449.82422
20346.94336
20387.61328
20657.30469
20747.56641
20865.38281
20803.88672
20905.10547
20931.84766
21071.60156
21249.89258
21571.41797
21589.75781
21541.97852
21430.86719
21801.70508
21775.9375
21827.25781
22118.01563
21938.09961
22371.81055
22128.63867
22394.38672
22390.54297
22650.65625
22803.46484
22835.28125
23092.43359
23297.28906
23397.68359
23423.87891
23252.33789
23470.75195
23886.75
23899.11719
23834.63867
24085.72461
23930.70117
24653.46875
24372.24609
24485.96484
24525.62305
24324.05469
24802.21875
24828.09766
24601.92188
25367.40039
25020.70508
25260.10742
25376.22852
25563.47852
25747.92383
26019.87109
26122.09766
25729.18164
26200.63672
26272.69727
26850.52148
26479.61523
26420.40039
26904.99023
26867.58008
26939.44727
26962.12695
27151.37109
27214.95703
27581.52539
27882.46289
27809.44727
27700.98633
28211.79297
28209.66797
28597.49609
28480.79102
28794.83398
28849.8418
28757.67578
28891.68359
28919.40234
29178.62109
29124.58398
29353.72656
29381.3418
29670.23828
29676.01758
29921.22852
30329.57813
30237.31836
30256.58984
30398.20508
30651.23242
30656.82617
30877.10742
30985.91016
31230.50586
31401.67969
31445.1543
31809.01172
31453.32813
31898.48633
31844.14258
31846.79883
32080.04883
32367.46484
32285.95508
32665.42578
32833.30469
32743.61914
33017.11719
33008.71875
33366.05859
33384.6875
33722.88281
33497.74219
34090.28125
34054.62891
33859.31641
34156.53906
34345.44141
34547.80469
34501.28125
34730.58594
35357.23047
35129.48047
35172.07031
35517.28906
35303.13281
36104.71484
35895.92969
36019.35547
36145.43359
36104.10938
36208.53906
36258.96094
36951.48047
36926.22266
36960.30859
37172.35547
37554.18359
37100.22656
37843.08594
37979.375
38385.04297
38211.40234
38336.78125
38518.66406
39002.03516
39081.44531
38784.01953
39202.50391
38910.53906
39404.17578
39677.08984
39767.05078
39902.68359
40186.12109
40063.60938
40607.58594
40702.67188
40502.22266
41035.09375
41076.34375
41292.10156
41574.89453
41704.60156
41785.95313
42202.66797
42117.57813
42526.04297
42577.69141
42787.51563
42608.55469
43180.14063
43301.3125
43336.69922
43728.375
43803.84766
43863.22656
44035.04297
44292.46094
44597.97266
45098.73438
44796.60938
45099.19141
44711.57422
45522.18359
45428.75
45573.27734
46273.72266
46222.96094
46369.94141
46340.55078
46821.34375
47176.44922
47595.51172
47322.98047
47338.81641
47856.375
48008.19141
48474.76172
48330.33984
48455.32422
48774.91406
49038.40234
49304.46875
48920.16016
49380.66406
49849
49717.84375
49940.9375
50070.75781
50629.16016
50958.44922
51292.94922
51153.67969
51652.97266
51258.32813
51579.23438
52064.89453
52117.02344
52288.75391
52688.98438
52509.79297
52947.03906
53373.50391
53255.36719
53524.96094
54282.96484
54366.46875
54282.73438
54153.91797
54205.55469
55198.86328
54836.55469
55216.85547
55469.76172
55375.32031
56264.19141
56320.6875
56332.11719
56539.56641
56866.12891
57046.92969
57836.60938
57736.57813
57485.71875
57978.53125
58299.19922
58648.84766
58609.58203
59059.53906
59128.61328
59551.88672
59393.54688
59758.48828
59571.10156
59867.19531
60852.52734
60878.94141
60622.83203
61467.60938
60562.20703
61955.58203
61520.04297
62150.39063
62176.52734
62556.01953
63038.20313
63077.34766
63061.12891
63292.62109
63571.45313
63707.9375
64373.77344
64354.69922
64625.24609
64329.71875
64610.69922
65410
65569.65625
65466.19922
65304.90625
66011.47656
66533.75781
66485.39844
66697.25781
67361.03906
67646.23438
67282.46875
67798.71094
68012.77344
68489.32031
68732.05469
68591.5
68988.96094
69404.64844
69345.36719
69592.97656
69806.40625
70053.85156
70424.41406
70634.96094
70030.42188
71226.13281
71580.50781
71602.10938
72079.36719
71616.47656
72384.14844
72478.875
72869.28125
72542.625
73223.25781
72990.8125
73407
73590.32813
73943.51563
74168.50781
74265.35938
74336.04688
74709.75
75501.22656
75595.16406
76007.60938
75879.50781
76127.32031
76077.53125
76682.67188
76596.28125
77738.42969
77255.47656
77380.21875
77958.53125
78028.35938
78366.59375
78264.35156
78464.34375
79002.875
79194.85156
79293.01563
79737.39063
80382.03125
80068.75
80556.98438
80092.88281
80549.71875
80592.89844
81109.28906
81201.74219
82131.125
81581.45313
81951.79688
82158.32813
82424.53125
82716.60938
83296.79688
83339.39063
83527.32031
83232.48438
83513.76563
83719.71875
83933.38281
84268.85156
84562.71094
84314.64063
85178.625
85163.77344
85423.57813
85729.91406
86005.0625
85933.08594
86039.79688
86508.89844
86410.97656
86533.0625
87022.52344
86893.50781
87051.64844
87403.6875
87047.125
87887.64844
88032.5625
87681.23438
88288.64063
88505.74219
88482.53906
88025.48438
88774.40625
89233.92969
88513.6875
88944.69531
89401.35938
89592.13281
90143.94531
89878.04688
90029.95313
90065.78125
90060.35938
90379.65625
90487.54688
90798.92188
90100.47656
90496.78906
90627.74219
90928.5625
91031.07813
90433.55469
90667.33594
91027.09375
91093.49219
91787.36719
91120.78906
91585.60938
91692.97656
91761.75
91455.35938
90935.84375
91634.00781
91900.47656
91992.25
91424.21094
90763.96094
91695.0625
91748.30469
91775.86719
91372.5
92313.09375
91855.92188
92255.16406
91990.39063
92215.19531
91755.78125
91865.25781
92018.23438
92201.89063
91978.35156
91841.92969
91296.01563
91863.53125
91440.61719
91900.44531
91636.25
91195.6875
91397.05469
91071.71875
90519.00781
90740.82813
91182.30469
91130.57813
91569.27344
90572.57813
91103.13281
90226.85156
90721.53125
90764.33594
90865.8125
90758.05469
90729.39844
89869.38281
89585.91406
89575.3125
89638.63281
90081.64063
90111.71875
89130.41406
89076.58594
89613.59375
88821.29688
88635.16406
88566.17188
87962.78906
88138.19531
87924.3125
87738.48438
87445.90625
86975.4375
86980.52344
86835.64844
86482.42188
86314.80469
86894.11719
85946.71875
86274.47656
84845.08594
85475.00781
84835.625
85023.75781
85391.96875
84862.00781
84154.6875
84015.65625
83747.35938
83073.55469
83297.22656
83059.59375
82713.10156
82994.97656
82468.77344
81945.28906
81880.26563
81541.85938
81173.19531
80857.79688
81139.625
80824.34375
79912.25781
79956.39063
79947.39844
79609.78125
79550.30469
79480.73438
78539.50781
78914.74219
78163.36719
77977.91406
78019.75781
76375.29688
76939.85938
76479.67969
75994.42969
76566.32031
76124.09375
75485.32031
75134.20313
74773.11719
74696.96875
73842.17188
73564.64063
73382.92969
73211.35156
72697.35938
72457.97656
72304.26563
71851.10156
71370.41406
70814.41406
71151.61719
70952.98438
69992.48438
70032.96875
69593.30469
69083.42969
68473.21094
69013.89844
68145.16406
68000.0625
67460.76563
66703.22656
66686.46094
66293.24219
66271.53125
66101.80469
65543.32813
65248.38672
64953.54297
64302.78906
63835.25
63696.19141
63033.46484
62426.08984
62620.5
62256.33984
62027.52344
61473.31641
60879.25391
60856.01563
60422.41016
59538.62891
59340.53125
58999.95313
58709.5
58641.65234
58423.84766
57718.77734
57346.28906
57253.73828
56606.69141
56634.17188
56082.34375
55508.23828
55121.53906
54824.82031
54503.25
54675.76172
53745.70703
53686.35156
53056.00781
53019.23047
52755.63672
52444.78125
52006.95703
51140.78516
51246.34375
51633.27344
50598.30469
50061.60156
50177.22266
49232.64453
48990.06641
48682.89063
48636.98828
48056.42578
47640.16797
47485.08594
47098.89844
46675.56641
46115.73047
46102.62109
45878.39063
45599.60156
45119.79297
44528.44141
44317.05078
44247.18359
44279.07031
43204.53125
43325.875
42728.01563
42427.89844
42095.65625
42117.96094
41870.14453
41191.29688
40512.69141
40465.90234
40411.70313
40506.07422
39479.01563
39417.58594
39192.85547
38871.70703
38281.03516
38158.02344
38141.38672
37368.19531
37025.39844
36981.77734
36752.83984
36837.75391
36322.37109
36155.41406
35711.94141
35288.375
35045.16016
34962.45313
34556.51172
34550.39844
33942.40234
33507.26172
33387.90234
33125.58984
32762.30273
32850.16016
32371.23438
32380.28711
31724.25781
31740.80859
31525.88672
31099.31445
31339.96094
30948.02344
30519.31445
30442.56445
29790.25586
29593.1543
29546.11133
29555.63086
29039.12695
28940.5957
28557.06836
28286.68555
28117.10352
28023.71289
27613.60352
27341.11914
27348.54883
26897.05469
26683.72656
26512.17773
26335.7832
26299.23633
25921.88086
25525.04688
25442.08789
25410.62109
25107.19336
24847.9668
24495.75586
24415.49805
24345.06055
24056.77344
24125.93555
23600.41211
23613.35352
23063.64258
23061.99805
22967.42773
22921.78906
22565.70703
22456.60742
21980.99023
22074.82227
21855.9375
21690.86133
21479.44727
21324.25977
21171.57031
20713.85156
20634.52734
20618.66602
20253.98242
20038.20117
20171.19922
19706.82422
19847.14648
19604.77734
19435.59766
19527.16406
19073.05469
18565.52734
18808.16797
18724.48633
18514.25781
18128.87305
18033.1875
17884.01172
17936.78125
17919.00195
17563.24023
17404.52734
17248.30078
17028.94141
17188.71484
16957.29492
16769.67969
16460.70117
16292.66406
16207.22656
16032.01074
15810.74707
15841.90527
15683.82813
15780.48633
15559.42188
15449.96973
15410.8584
14959.71484
15121.84277
15061.00293
14896.0166
14563.96387
14462.08594
14483.72559
14490.83203
14224.43457
13994.43066
13846.77148
14052.34668
13665.2832
13626.5791
13457.32715
13607.22461
13338.94238
13044.17383
12892.05664
13027.45215
12967.16797
12776.50781
12660.75977
12499.18848
12448.69336
12292.04102
12000.33887
12249.06836
11926.12402
11844.42578
11798.91992
11939.03613
11669.39551
11498.64356
11378.5459
11270.5332
11078.26758
11129.26758
11124.87695
11156.59277
10632.37207
10878.3125
10837.88184
10597.82422
10514.16895
10464.20508
10481.57227
10448.45606
10249.5332
10113.15234
10190.625
10071.11523
9915.62598
9743.38477
9621.61621
9687.10547
9615.78516
9532.49316
9326.88672
9385.18457
9126.91992
9192.42481
9147.63574
9083.6875
9086.85938
9078.04981
8954.26074
8840.0957
8781.04688
8652.58789
8658.22461
8568.12598
8595.31152
8620.09375
8331.50879
8282.18848
8373.9668
8044.93604
7988.52148
7929.73682
7923.5415
7848.06543
7908.76807
7704.35742
7631.34766
7634.75928
7638.16895
7541.34424
7530.45264
7486.16504
7282.0835
7326.09326
7267.55908
7185.20606
7121.9502
7137.35889
7121.78711
7006.1665
7019.20459
6877.44775
6800.02734
6741.67871
6761.89404
6863.01123
6721.40772
6667.87158
6588.19141
6610.79248
6502.62012
6463.42285
6338.67773
6161.69873
6255.63086
6228.38184
6262.89209
6133.54395
5973.37793
5950.94531
5949.88037
5977.29004
5907.41895
5844.68848
5677.62988
5783.31641
5670.85547
5726.72803
5614.3169
5618.05078
5685.74756
5466.81445
5418.47119
5315.68604
5362.08106
5323.24951
5258.3999
5212.50244
5211.56836
5279.22705
5178.9585
5066.90381
5068.35986
5081.63281
5068.90674
5051.45947
5067.08984
4962.25977
4904.69629
4731.46338
4822.67773
4772.25
4823.30859
4676.16602
4698.9165
4698.07373
4652.42871
4649.23633
4584.7583
4522.65967
4517.13574
4476.27441
4484.89356
4448.7627
4391.45264
4400.08154
4265.12451
4334.96094
4181.23975
4189.89941
4151.51318
4258.94678
4037.16138
4015.27881
4023.95996
3962.13696
3980.22241
3930.17505
3969.39844
3820.74048
3986.75635
3941.43799
3839.80615
3876.66284
3847.81201
3795.51294
3708.052
3819.94409
3596.52637
3701.36572
3590.54688
3613.33447
3584.57105
3558.15991
3463.84009
3531.12378
3518.7832
3401.11304
3412.20337
3376.49146
3333.77368
3356.56494
3278.78613
3376.4021
3317.34985
3307.40381
3262.40649
3247.80054
3240.20801
3113.49707
3133.95483
3112.3772
3251.88403
3090.25122
3094.36255
3117.1377
3081.58521
2959.74878
3122.45093
2970.34106
3058.38794
3032.2002
2922.13257
2972.86279
2942.04541
2918.22583
2875.78613
2868.28394
2967.86011
2797.43164
2810.8894
2796.42432
2758.70386
2772.16089
2692.604
2643.29834
2698.60718
2744.60034
2639.54639
2578.66968
2631.6272
2633.47534
2593.52905
2665.02661
2520.64233
2671.02808
2498.85205
2510.00049
2423.73193
2448.80322
2390.39868
2420.10303
2398.80762
2433.13428
2467.44824
2422.99097
2350.75757
2359.59595
2347.59448
2324.02344
2235.65918
2313.92944
2262.61475
2259.89331
2166.97852
2270.6394
2304.90723
2279.06567
2269.4104
2178.8877
2206.21655
2233.5354
2170.78003
2165.77051
2236.94312
2093.43774
2183.05908
2085.76025
2087.69043
2144.97388
2050.04028
2118.83789
2023.94312
2035.10132
1997.86426
2059.70947
2033.99866
2015.20654
1915.82727
1956.92188
1928.94617
1944.70764
1983.47339
1946.30542
1929.85242
1832.91345
1913.05945
1832.25085
1884.78565
1907.4259
1815.17358
1805.65637
1777.76758
1873.89661
1781.7168
1744.6648
1863.69946
1799.10852
1794.19434
1757.16663
1837.12256
1758.8241
1786.01831
1765.06458
1750.99402
1647.5614
1640.39014
1683.61523
1745.14648
1625.76086
1648.36047
1723.59827
1622.5896
1613.14331
1599.12488
1674.3169
1600.83276
1616.54834
1554.53162
1526.82214
1556.25391
1558.25684
1512.28626
1605.65662
1584.81335
1518.31409
1492.92859
1533.74048
1585.94727
1492.11731
1528.34473
1473.33106
1507.26831
1497.87561
1456.57398
1460.86804
1437.8169
1437.55627
1457.7959
1386.93237
1448.15942
1470.66248
1443.08203
1404.13269
1415.25476
1401.34851
1391.99634
1382.64758
1364.20728
1363.95984
1404.62378
1352.10278
1317.77698
1376.59998
1315.02771
1314.78906
1353.14685
1377.87097
1348.1167
1277.52844
1281.83411
1249.84485
1279.10083
1265.26367
1287.70471
1282.93762
1298.56848
1287.00342
1268.64624
1270.68079
1261.3916
1227.19934
1208.86609
1224.49023
1301.20886
1224.04541
1178.57996
1225.86231
1178.15173
1220.89502
1220.67322
1170.72925
1152.43897
1220.00769
1260.44556
1160.84448
1223.85864
1173.96826
1203.09863
1150.97327
1209.43042
1197.93054
1143.57874
1127.5846
1129.63428
1149.71802
1167.54041
1113.24329
1097.26892
1065.53137
1130.65418
1101.17395
1064.94983
1044.49646
1098.32227
1100.37256
1100.17236
1072.97888
1088.52673
1077.08557
1020.68439
1069.95007
1054.02356
1096.52417
1161.47498
1051.20166
1021.81555
983.45868
1097.771
1027.99097
1059.22119
1056.78455
1043.13232
1007.05609
979.96289
1020.14154
970.63916
972.70349
1035.2699
1012.67682
976.65186
967.51538
1012.12323
1018.65515
1007.27747
973.52405
993.48474
1004.48944
1011.01654
1006.3595
1015.11975
1014.93463
990.16309
994.4519
918.30377
1045.46899
953.70477
962.46314
980.14905
930.86011
982.02325
961.76086
932.5816
950.25665
992.45783
976.66779
889.54181
922.81476
944.93243
915.79321
888.8924
960.00671
908.61072
939.61688
883.79096
954.85413
939.10217
881.08185
936.53461
909.67383
933.96869
909.34149
933.62744
955.68207
824.40289
879.79486
910.73224
906.12402
892.6355
848.07074
885.65015
889.92682
934.14136
885.16449
911.61926
864.88202
869.15833
937.72131
913.16907
879.76172
884.03204
877.22467
914.71594
905.69104
912.1673
916.42761
856.50385
871.83661
853.97803
844.97388
838.18451
866.77625
853.35303
873.09003
861.88043
819.74133
848.31006
854.78095
870.08276
856.6759
827.82123
858.56928
856.20532
833.98541
895.59802
820.4469
831.32208
866.44489
846.44751
841.88464
854.95129
874.62238
863.44867
806.03137
896.16028
781.51984
847.40845
847.25311
844.89752
864.54126
879.77893
855.4281
795.90796
844.12323
872.54028
788.87787
784.33911
885.24005
827.97589
843.1947
829.86755
869.22553
803.22772
882.07184
864.35956
857.62073
831.14734
850.72815
848.37982
863.56665
815.19751
865.44061
854.3288
781.89587
829.92755
823.20697
851.51257
840.41333
890.58698
875.10901
872.76086
868.22662
881.18658
839.48755
832.776
836.99371
898.01886
777.70306
888.95221
873.50256
836.22498
873.18152
877.38611
842.31043
894.51758
881.26502
846.20783
878.7605
867.69818
847.9209
756.23248
862.86169
873.5957
814.62518
860.20789
812.14819
844.65289
866.26288
855.22278
824.6051
878.83685
880.85004
878.51343
810.95343
849.93146
875.8551
853.96448
832.08191
847.13367
857.83643
868.53516
859.69147
868.21533
881.07629
863.55609
898.10651
824.19714
863.07904
891.1059
886.60626
838.76141
877.61182
925.11408
836.13171
903.11572
885.62653
859.48395
831.1864
926.25574
859.00879
949.71118
895.46228
886.64697
869.18628
892.8053
866.70441
896.79797
918.23822
920.229
879.0238
950.12067
904.60712
947.61163
843.8446
968.83972
888.83814
916.71478
951.05084
953.03156
935.60938
924.65979
948.19397
941.55518
913.37689
915.36206
947.49396
953.77802
895.48175
925.44721
955.40155
877.77448
920.63257
946.26984
958.99634
913.67304
986.5846
962.763
943.2475
947.36969
1007.33398
901.9234
968.31494
916.61658
940.05585
957.04889
939.70837
969.56543
894.32312
969.20697
1037.63147
960.27472
979.38483
908.4953
949.03064
976.69965
1019.34876
1044.85327
1016.83099
1005.94135
1022.87451
1003.42963
1018.21777
996.64221
1005.01105
1009.10089
985.40131
987.35608
1064.09583
1008.354
1038.07056
1072.04724
1005.65888
1014.01172
1030.89893
1071.25342
1049.71924
985.52948
1062.1272
1047.00378
1051.07373
1031.6947
1067.73401
1069.66699
1052.42554
1035.19031
1037.12805
1085.9082
1049.51672
1085.50574
1036.3595
1078.72046
1097.66577
1101.71606
1114.27063
1035.39917
1175.5022
1130.6532
1145.31775
1149.35437
1113.03137
1093.71155
1123.23511
1154.87061
1090.98047
1114.12158
1133.0105
1192.198
1102.89673
1155.70606
1136.41003
1115.00147
1152.94336
1159.0863
1118.6178
1220.08386
1164.79431
1194.2218
1200.3512
1166.26221
1250.69507
1225.07275
1169.84351
1222.50256
1209.58752
1251.64832
1130.92468
1219.48096
1221.36755
1233.81677
1239.92444
1237.58215
1256.35584
1241.34448
1283.32849
1310.52441
1301.84094
1204.5592
1263.39197
1250.5044
1355.69116
1243.71545
1296.17419
1287.50427
1264.08984
1301.77039
1278.36194
1259.17334
1332.6228
1305.01172
1334.23157
1373.96069
1266.41724
1335.59009
1322.72424
1311.96545
1309.61914
1406.05481
1309.13171
1382.42102
1401.0686
1358.80457
1299.75806
1400.28626
1437.80725
1456.42688
1456.15564
1420.22156
1386.39819
1363.07263
1444.58777
1377.23853
1513.21301
1420.73035
1489.60327
1407.63281
1419.93628
1474.11328
1488.49329
1530.07837
1502.58752
1514.86157
1510.39526
1422.2677
1486.8291
1559.72949
1561.52905
1538.2478
1489.89966
1577.36951
1554.09802
1649.87683
1584.83923
1578.28052
1611.38257
1613.16882
1619.12732
1635.51416
1606.00879
1597.36768
1680.46753
1655.13916
1667.33521
1633.68347
1708.38049
1662.2356
1591.11633
1663.69714
1638.40442
1738.00794
1704.38635
1766.48816
1697.50891
1740.86963
1719.74939
1738.14014
1737.81543
1725.02075
1774.56921
1778.3927
1734.4397
1819.26379
1781.54858
1843.49585
1793.33643
1822.05444
1796.81567
1883.60693
1785.77356
1849.72376
1863.89087
1892.56299
1846.61365
1873.20606
1910.14697
1899.43298
1870.08411
1993.96912
1989.45569
1900.08179
1932.83691
1986.27002
1965.21191
2057.91577
1939.66199
1937.23145
2005.08301
2070.84229
1969.20483
1985.36365
2032.49951
1999.07642
2056.51587
1992.13464
2082.57764
2047.10608
2032.28003
2130.91577
2136.7041
2099.18652
2185.38379
2145.80981
2114.49414
2229.48706
2323.83569
2199.81519
2149.97803
2182.5188
2258.27759
2181.70044
2208.04321
2289.92676
2221.61475
2303.4646
2241.34448
2325.21582
2293.94702
2365.44605
2319.7981
2426.18921
2360.00732
2392.42188
2365.28149
2418.21069
2376.7085
2366.0022
2433.26294
2459.47266
2473.36719
2489.30689
2443.73731
2471.97461
2416.17822
2534.56445
2532.0398
2515.17896
2629.38379
2608.41577
2577.22022
2543.98975
2633.54785
2538.94238
2573.23901
2642.28955
2662.24023
2645.38525
2628.53662
2722.04712
2735.83789
2755.75195
2824.67651
2789.43091
2682.74023
2731.22656
2761.32642
2817.94141
2770.48877
2778.12671
2867.33594
2858.64087
2896.83643
2912.59717
2889.6333
2899.27686
3000.58423
2916.51611
2985.20142
3015.17822
3014.61084
2985.55151
2893.42554
3061.73413
3134.38159
2969.06909
2968.51025
3069.59351
3142.18433
3131.43237
3088.177
3146.50366
3168.25122
3287.45679
3146.75635
3247.65283
3230.80566
3195.70386
3339.13501
3308.08203
3348.01611
3258.17578
3385.26953
3473.80737
3422.49414
3425.90112
3469.81812
3501.56714
3494.83252
3465.83154
3499.58716
3555.59009
3544.80298
3673.60059
3634.47998
3625.70581
3663.43555
3678.91553
3712.57861
3715.91943
3753.60278
3736.73584
3705.73853
3864.54785
3924.37988
3756.11768
3926.93457
3893.91235
3897.21167
3902.52637
3819.11597
3967.58252
3910.39478
3962.05371
3979.4397
4055.24023
4108.85645
4005.37817
4149.58545
4205.16553
4248.64893
4217.6626
4192.72315
4306.58545
4213.26123
4278.81885
4241.82422
4444.02881
4443.18848
4323.80566
4423.42969
4412.55127
4461.91846
4541.38232
4387.96826
4633.99023
4560.87842
4602.14551
4605.28662
4616.44775
4683.74561
4740.99414
4786.1958
4721.16553
4784.38477
4803.51074
4872.69824
4849.74951
4888.87158
4982.02246
5047.12012
4952.12451
5111.22559
5070.25586
5107.29053
5016.35303
5093.36279
5116.38135
5177.35645
5274.26953
5271.27344
5200.37695
5323.18701
5380.07178
5355.10107
5326.14893
5516.67676
5493.68897
5490.65332
5643.1543
5496.54688
5639.02197
5560.22949
5752.45117
5713.50977
5684.5415
5856.71582
5851.62305
5850.51318
5905.13135
5955.74854
5771.5835
6001.229
5978.21387
5973.10303
6131.01025
6119.90918
6182.33984
6075.86231
6257.4668
6196.6958
6247.14893
6289.64111
6342.04199
6356.71484
6468.60986
6491.18799
6478.0542
6484.75684
6509.30078
6627.00586
6703.04395
6816.70361
6805.50293
6772.5166
6901.94092
6845.18701
6988.40576
6888.11084
7041.16113
7037.84473
7072.11475
7090.54932
7071.4043
7198.5708
7286.1543
7249.19482
7461.22022
7270.14551
7454.43262
7498.43604
7548.3457
7548.88428
7721.13477
7719.66602
7647.1709
7777.87891
7752.73291
7893.22949
7921.29932
8055.79639
7971.49365
8048.78955
8124.08594
8063.45215
7996.93359
8267.10938
8342.30469
8128.16455
8327.32227
8422.13574
8389.06055
8603.78711
8676.86426
8850.16992
8703.04102
8756.40527
8862.7959
8800.21289
8888.87793
9030.52637
8944.3877
9082.04395
9113.67481
9031.49219
9155.32031
9326.17285
9349.8877
9285.36621
9475.69727
9438.61328
9417.21875
9482.03223
9709.39453
9693.83398
9977.84961
9946.58301
9893.79688
9933.00391
10087.62695
9960.51172
10238.28125
10154.20215
10232.41895
10230.46582
10363.35547
10535.27246
10511.77246
10630.85938
10622.97168
10597.51465
10819.97168
10706.66309
10983.64844
11022.51953
10969.7002
11010.50879
11170.23633
11064.78418
11029.53711
11257.37012
11479.27148
11461.49512
11435.93457
11544.73731
11612.61523
11682.41309
11831.97168
11712.96875
11967.50977
11953.55273
12073.77441
11933.42773
12160.5166
12189.28613
12132.54883
12382.7793
12485.2959
12479.02344
12651.37891
12833.37402
12978.42285
12888.61816
12884.21191
13007.8291
13084.85254
13053.26367
13128.30957
13329.3125
13253.12109
13485.02148
13441.75977
13603.81152
13694.15332
13765.09863
13892.15137
13879.81445
13853.93652
14110.51074
14038.17773
14221.13281
14280.27734
14325.86816
14470.00684
14559.98438
14667.31543
14436.57813
14729.28516
15006.43262
14903.17188
14902.24512
15200.42481
15129.98242
15175.30566
15268.82617
15389.30566
15690.95801
15626.26856
15652.17773
15942.04395
15942.83789
16078.45313
16088.84766
16099.23731
16533.10352
16374.04297
16467.10938
16623.625
16460.78906
16748.01172
16737.10547
16847.31055
16763.35352
17369.2793
17191.11328
17295.37891
17303.58008
17480.74805
17650.16797
17562.32422
17814.17969
17753.19727
17924.34961
18011.04688
18350.82422
18410.56445
18345.68945
18459.06445
18771.66797
18936.64063
19068.98828
19053.83203
19251.20117
19461.89258
19243.79883
19641.92969
19687.89258
19567.42773
19846.69727
20089.5293
20284.47656
20104.73633
20230.81055
20729.39063
20547.75586
20769.1582
20767.07031
21028.43555
21446.21094
21428.72461
21632.56836
21430.01367
21723.41602
21898.47852
21907.60742
21989.16406
22139.29688
22361.77539
22635.60352
22648.38477
22843.97461
22927.1543
23040.75781
23179.05859
23324.91602
23527.78906
23753.41016
23720.30664
23951.50391
24218.72852
24366.11133
24507.73438
24848.79102
24709.13281
24879.0918
25214.17969
25309.93555
25278.48047
25639.86133
25809.4707
26257.86719
26311.59766
26490.45508
26693.89063
26669.78516
27028.50586
26919.07617
26995.3418
27385.98633
27579.53711
27824.13086
27852.83203
28205.15234
28169.43164
28606.68555
28718.43359
28841.48242
29047.67773
29357.76172
29414.46289
29537.27734
29869.75586
30075.54492
30392.67773
30154.55664
30337.51367
30722.35742
31154.22852
31521.78125
31304.41406
31933.94922
32169.13867
32047.91797
32710.86719
32695.11914
32796.19531
32872.74219
33706.40625
33571.83594
33787.50781
34311.79688
34549.82031
34618.40234
34869.4375
34650.14844
35510.375
35815.61328
35737.25
36292.28906
36491.96484
36514.96094
36641.25781
36975.95703
37548.98828
37782.01172
37748.41797
38242.14453
38585.58594
38857.60938
38838.82813
39258.82813
39719.90234
39700.96094
40004.35547
40613.03125
40829.95313
41181.64063
41066.92578
41581.30469
42005.63672
42141.59766
42554.42578
43049.40234
42758.62891
43330.04297
43742.3125
44384.33984
44312.19141
44613.77734
44818.09766
45487.42969
45622.39844
45927.22266
46007.91797
46781.00391
47010.77734
47029.64063
47386.11328
47792.79688
48404.42188
48160.13672
49064.07422
49501.78906
49410.19922
50039.53516
50441.41016
50306.85547
50617.29297
50910.85938
51336.43359
51793.47266
52086.62891
52891.13672
53037.05859
53374.41406
53633.56641
53946.51172
53850.55469
54507.00391
54990.46484
55405.02344
55117.61719
55745.45313
56013
56625.57031
56887.27344
57182.25391
57621.76563
57603.14063
58448.36328
58071.87891
59189.07031
59273.89063
59860.64844
59958.26563
59872.53516
60629.13672
60658.05469
61058.91016
61770.42578
61525.33203
61862.89063
62124.50781
62887.01563
62898.79688
63612.80078
63665.08203
63842.94922
64404.89453
64643.48047
65144.125
65495.05859
65482.29688
65548.875
66325.64844
66799.64063
66840.10156
67516.60156
67682.24219
68236.67188
68297.07031
68311.39063
68721.70313
68833.52344
69061.28906
68999.96094
69641.69531
70503.98438
70387.21094
70619.95313
71246.14063
71125.60156
71363.57031
72145.46094
72026.64063
72341.44531
72815.92188
72647.44531
73033.53906
73290.97656
73970.45313
74372.5625
74341.53125
74725.0625
74549.08594
75486.17188
75693.25
75859.92188
75738.82031
76585.14844
76432.79688
77110.15625
76816.76563
77660.375
77425.55469
77662.96875
77878.32813
78453.97656
78901.36719
78735.99219
78749.85156
78994.01563
79373.32031
80351.78125
80577.20313
80360.53906
81170.21875
81398.99219
81304.57813
82234.03906
81424.21875
82309.5
82526.85938
82829.83594
83132.69531
83129.1875
83914.82813
83942.14063
84096.95313
84260.82031
84462.85156
85187.35938
85105.14844
85523.46875
85568.58594
85952.07813
86666.46875
86447.63281
86936.17188
87184.54688
87925.38281
87295.76563
87692.89844
88431.36719
88061.70313
88837.9375
88657.13281
88977.35938
89370.03125
89793.39844
89550.85938
90202.53125
90420.5625
90460.84375
90424.97656
91200.99219
91694.03906
92103.57031
91511.36719
92328.1875
92556.28906
92733.61719
92952.49219
92852.82813
93152.98438
93049.69531
93405.75
93962.33594
94162.60938
94014
94141.89844
94390.78125
94998.98438
94956.85156
94840.71094
94800.41406
95122.89063
95304.49219
95500.45313
96051.65625
95913.75781
96003.09375
96357.36719
96594.35156
96079.84375
96322.17969
96425.72656
96730.92188
96263.58594
96203.25
96403.91406
96881.60156
96713.21875
96611.46094
96569.07813
96435.00781
96567.03906
97087.24219
97005.24219
96831.64844
96771.28125
96682.19531
96374.08594
96694.40625
96546.14844
96417.67969
95962.72656
95891.8125
96296.17969
95678.33594
95130.64063
95312.65625
95256.25
95194.48438
94923.16406
94847.15625
94079.99219
93630.00781
94055.45313
93532.27344
93449.42969
92806.71094
92791.99219
92330.25
91698.83594
91591.39063
91019.33594
90436.78906
90197.44531
90343.97656
89460.10938
88535.53125
88846.5
88538.08594
87680.23438
87077.8125
87039.22656
86449.64844
85170.33594
85633.01563
85134.9375
84531.92188
83398.27344
83103.96094
82255.95313
82042.08594
81507.89844
80961.46094
80077.15625
79691.3125
79337.64063
78583.98438
78049.30469
77235.75781
76534.48438
75702
75235.8125
74315.09375
73659.33594
73326.96875
72804.79688
72176.33594
70918.19531
70400.34375
70138.10938
69533.71094
68613.94531
67749.5
67005.90625
66544.35156
65342.4375
65469.44141
64101.74219
63325.94922
63056.73828
61906.24219
61754.19922
60496.48828
60367.77734
59232.85547
58805.625
57766.91406
56954.84375
56473.52734
55813.96484
55064.57422
54223.64453
53550.78125
52999.99219
52341.75391
51770.23828
50964.30078
50975.37109
49780.15625
49333.01563
48348.375
48187.21484
46910.66797
46469.72656
46391.81641
45450.98828
44836.27344
44204.19531
43743.09375
42701.46094
42480.10938
41683.64063
41515.33594
40568.15234
40208.51172
39555.48438
38770.91797
38519.01172
38021.28125
37135.62109
36603.23828
36116.71484
35825.20313
35230.22266
34581.08203
34128.66406
33704.48438
33168.25
32768.97266
32008.7793
31643.17969
31307.50977
30872.12305
30254.76563
29898.55273
29342.9043
29060.52344
28788.75391
28091.93359
27829.20703
27292.00195
26667.58203
26464.73047
26254.9668
25505.29688
25342.97852
24752.74805
24255.31445
24189.37695
23676.53906
23397.79297
23119.1582
22861.57031
22380.79688
22064.1582
21578.50195
21164.51563
21291.03125
20973.11328
20385.25781
20058.93359
19635.20703
19633.03906
19183.44922
18989.9043
18669.39844
18209.82617
18100.08789
17618.19922
17308.65039
17235.66211
16941.95508
16674.42969
16373.99902
16263.03516
16060.06348
15660.95508
15440.82227
15142.66797
14813.39453
14728.89356
14531.66992
14308.50879
14118.38184
14117.30078
13682.88672
13484.33106
13349.96191
13070.13281
12896.0625
12722.06152
12612.18652
12457.34961
11963.38477
12016.36426
11898.06445
11485.79199
11549.20898
11301.40918
11179.88672
10963.36523
10824.67969
10687.77637
10459.39063
10303.62012
10313.64746
10057.85449
9807.33984
9762.24609
9622.29199
9399.6084
9408.07715
9268.27637
9133.70215
8880.27148
8925.01758
8637.27637
8485.71094
8451.29785
8413.45508
8225.87695
8194.97656
7904.2832
7753.04297
7593.26367
7703.51465
7535.2124
7489.01514
7267.54834
7343.41162
7068.81006
7057.09033
6999.01318
6901.47266
6718.14844
6655.02441
6542.16846
6371.0332
6393.76856
6365.05273
6271.20166
6189.38623
6015.06348
6037.8457
5976.68115
5800.79248
5796.20557
5646.10254
5513.17529
5462.44336
5629.02148
5557.75879
5327.46973
5299.04297
5050.09229
5114.03076
5104.46094
4917.20606
4892.30518
4853.75098
4810.08984
4571.82715
4714.28418
4609.24268
4598.08106
4469.22266
4536.54492
4441.85303
4243.20654
4242.35498
4197.19727
4293.46875
4127.37598
4034.5813
3987.79761
3969.97315
3894.28589
3861.17163
3817.86206
3774.56982
3710.88648
3725.44434
3695.7959
3650.86255
3529.47754
3370.76392
3517.86768
3350.72827
3373.82617
3386.729
3262.14771
3202.09961
3201.45581
3195.72363
3176.42603
3136.78955
3081.91162
3003.32739
3029.83594
2980.09497
2930.37354
2851.88232
2864.854
2935.37671
2833.23633
2722.67627
2703.51831
2709.74023
2666.9165
2576.76758
2611.74854
2609.53247
2460.30737
2535.83643
2449.18213
2470.64258
2426.24634
2366.67529
2410.07959
2382.5957
2338.25244
2283.80664
2273.22827
2171.6084
2255.45532
2204.44019
2097.84009
2183.33569
2102.04761
2106.67578
2097.83276
2014.92737
2044.81458
2010.74951
1941.36987
1989.75513
1930.49719
1901.526
1830.54297
1830.17371
1831.48462
1941.98999
1782.03772
1736.3385
1749.41931
1765.85181
1768.85181
1698.02344
1722.84387
1581.61023
1646.68897
1658.09216
1600.7666
1690.93958
1553.20557
1586.39539
1581.05042
1540.54297
1500.05176
1462.92444
1526.22144
1464.00647
1408.50769
1441.67249
1412.95483
1434.40259
1377.28296
1318.51514
1356.67664
1364.75452
1351.11768
1399.2677
1312.17419
1330.2688
1233.21179
1273.0044
1237.71716
1280.828
1257.2251
1246.96826
1191.71375
1206.47009
1196.22961
1161.00732
1177.42603
1152.21204
1151.97864
1140.09485
1094.93494
1101.36804
1097.81824
1082.62866
1044.16748
1097.15125
1078.64673
1013.6228
1038.33752
984.97498
993.07867
1022.76337
1019.23602
972.55902
998.91101
910.78229
1000.16461
971.77051
953.33569
934.90833
938.03333
919.61646
935.99616
874.52338
892.56152
849.33423
877.30176
848.98956
871.98187
866.84204
845.16486
835.07159
790.26373
793.40918
794.9007
778.21661
784.66632
734.95911
766.18378
749.51892
774.12543
749.21442
709.46417
724.16626
695.98193
669.45789
689.10474
698.85413
650.92279
683.74194
734.66724
660.40729
676.73871
661.78497
671.52582
615.44013
651.50995
621.76935
674.26874
610.00684
634.54108
640.98615
630.9964
607.86762
604.4588
601.05133
579.58447
571.25879
579.34857
592.35761
608.64246
600.31744
572.31732
572.20075
595.03314
558.85663
521.05634
550.43793
515.93042
545.30103
509.17136
509.0676
507.3273
553.03766
513.664
498.83942
470.93924
483.92218
513.24524
469.017
483.62619
493.3288
503.02741
496.39331
471.80396
450.48901
453.66083
445.41058
424.11398
463.16843
435.35468
458.08875
431.91721
428.56995
404.04428
405.59067
444.59296
434.73288
441.15561
445.94815
413.31274
405.0939
385.49255
390.29245
369.07617
414.51627
404.68024
389.97351
385.02014
393.06256
397.85391
423.74954
376.58926
384.62674
400.77374
363.3804
338.97757
343.77295
377.74863
348.49503
356.52661
377.51685
330.46213
309.33997
346.51941
359.39984
335.04746
356.01621
336.52823
326.75378
323.45236
312.0676
321.70331
305.47473
307.02811
318.27448
326.28565
334.29355
301.93277
316.39945
316.33463
301.74722
303.29868
285.49393
314.46274
282.15231
298.21414
299.76465
298.09189
289.97586
259.31412
249.59905
289.79752
276.86081
291.28796
265.48425
286.34244
278.242
260.49686
260.44342
281.28546
271.58563
257.0697
250.59151
263.38828
229.61458
255.2533
272.85629
251.93906
275.95297
232.58701
245.36897
211.64739
250.07735
259.64237
240.36018
256.33151
254.67709
230.60355
220.94965
230.50876
206.45497
224.0136
199.97102
227.12036
225.47455
241.416
214.19266
210.95235
249.25603
225.24277
222.00215
212.37561
201.15654
218.67282
205.86124
223.36931
229.704
191.3806
212.06982
204.05525
194.45012
207.15828
203.92921
208.66583
191.1049
181.51225
165.55602
171.88814
190.94746
205.22624
206.77452
194.00995
187.61029
178.03407
193.89
195.43897
184.27843
190.59355
174.67473
193.6902
184.12647
169.80577
184.05052
180.83992
168.11472
172.83702
180.72801
188.61575
180.65344
164.77263
177.41083
178.9579
175.75421
175.71794
182.01253
169.31581
166.11673
177.15459
175.53658
161.27057
150.17195
177.00826
186.45232
172.19579
154.78624
157.91251
153.14348
157.84724
167.28349
167.2489
148.28441
179.7971
162.41467
154.49851
157.61894
133.9484
149.67606
144.91946
163.78812
151.15775
176.31422
163.68648
154.21111
140.01988
132.12624
135.24411
138.36067
133.61617
127.30198
138.27475
168.09471
141.3588
138.18887
152.29027
153.8284
160.07394
122.38413
144.3206
131.74368
141.1247
125.41818
142.63362
155.14067
144.14125
148.81065
128.42046
140.92006
128.3672
126.77546
142.39722
137.67424
148.59477
137.61713
143.84261
114.11231
151.59721
114.06495
118.72791
149.94096
118.67864
138.95007
129.55576
138.8924
145.10461
154.43413
121.65011
143.45494
115.36371
116.89839
132.45732
127.75581
104.36416
119.91598
118.33404
108.96922
122.954
132.26479
112.01276
132.20979
110.41111
116.6072
122.80071
116.55872
118.08827
113.4033
128.91118
110.25048
100.91254
113.30897
142.77063
110.15876
110.13583
130.27443
111.64056
108.51684
105.39442
131.71559
111.54763
102.2307
99.11216
111.47796
128.48254
136.19409
102.12429
123.76123
123.73545
102.06048
115.95364
105.1094
101.99668
95.7951
105.04369
115.83286
118.89695
101.89042
91.06487
98.76164
115.71215
131.1131
114.1217
100.22113
104.82485
101.72054
115.56741
117.08387
107.8179
129.35448
84.67871
110.82899
118.50071
90.78029
103.06796
90.74239
109.17566
95.31658
70.70399
87.59316
109.08448
104.45345
98.28859
78.30736
95.17729
90.55301
95.13751
95.11763
104.30076
92.01084
110.38992
108.83398
101.14845
88.86945
88.85087
87.30069
88.81371
90.32607
102.55222
82.63673
116.27922
97.89886
82.58488
90.21274
79.49289
106.98727
77.93155
79.44298
96.22807
88.57238
97.71457
94.64117
94.62135
105.28235
79.3266
88.46113
88.4426
86.89951
86.88131
102.10224
86.84489
76.16377
82.23962
114.19776
89.81673
95.8859
85.21404
88.23889
77.5731
82.119
86.66298
77.5243
63.83015
62.29731
74.43726
92.64735
77.443
69.83589
91.07118
84.98192
107.72231
80.39555
75.82893
65.1992
74.28115
77.2968
95.46423
75.74934
83.30678
90.86103
52.99113
72.65828
93.83056
81.70622
84.71457
86.20921
66.53346
83.14935
84.64336
71.02502
81.58606
74.01623
63.42914
72.4752
70.95037
89.04662
81.48315
85.9919
90.49874
69.36777
78.39924
75.36802
57.26764
97.93718
61.76275
61.74975
67.75985
76.77832
66.22617
81.26046
91.77489
69.19271
72.18588
76.68134
78.16843
90.17533
75.13027
64.59842
78.10255
57.06291
70.56294
60.0409
87.04096
60.01559
72.00352
79.48712
55.47931
82.45184
68.94518
88.41103
82.39967
59.91439
71.8821
56.89465
89.8147
83.80936
59.85119
62.83049
77.77371
88.22461
71.7608
74.73505
58.28103
73.20941
49.29388
76.16536
61.21804
52.24826
83.57956
94.00713
88.01982
46.23793
43.24569
76.0367
70.05822
73.02398
58.10884
43.2
59.57361
62.53906
62.52583
55.07063
81.84442
55.04733
53.54823
47.58836
44.60464
57.97376
74.30961
53.49159
56.45139
62.38044
56.42749
78.68484
47.49777
78.65152
59.34707
62.30122
60.80497
60.79209
68.19131
84.48003
44.45375
66.6665
54.80306
71.08079
71.06572
53.28799
66.59586
48.82661
69.52619
70.99041
69.4967
59.13358
45.81881
57.63079
56.14116
70.90011
54.64057
47.24668
47.23665
51.65413
45.74109
63.43384
58.9957
47.18654
79.61037
67.80184
63.36652
47.14647
50.08248
53.01725
55.95076
41.21812
70.64462
61.8009
64.73005
44.12474
44.11536
52.92719
47.03639
54.37426
67.58605
51.41324
51.4023
54.32802
44.04038
39.62791
49.8912
61.61719
57.20379
48.39291
49.84875
49.83814
45.43098
55.67774
55.66589
43.9374
76.14194
46.8466
29.27289
46.82665
51.20574
52.65754
49.72153
48.24885
59.93277
55.53561
55.52378
43.82522
46.73694
40.88611
58.39627
54.00503
46.6971
53.98201
49.59451
39.37548
59.77964
42.27414
39.35029
40.799
59.72865
55.34645
46.59759
37.85246
48.03325
40.74679
32.0085
46.54788
50.90088
31.98801
37.79593
55.22841
37.77979
37.77172
56.64548
42.112
36.29569
39.19097
49.34105
44.97781
55.12231
44.95859
31.89928
37.69109
50.72715
47.81823
44.91055
53.59146
34.75459
33.29936
43.42466
34.7323
54.98104
26.03808
39.04876
39.0404
39.03205
24.57047
21.67519
52.00932
43.33182
60.65156
33.20684
62.06905
54.83997
40.39975
28.85078
44.70913
34.60611
33.15708
47.56301
