1.29963
1.29968
1.29974
1.29979
1.29984
1.29989
1.29995
1.3
1.30005
1.3001
1.30016
1.30021
1.30026
1.30031
1.30037
1.30042
1.30047
1.30052
1.30058
1.30063
1.30068
1.30073
1.30079
1.30084
1.30089
1.30095
1.301
1.30105
1.3011
1.30116
1.30121
1.30126
1.30131
1.30137
1.30142
1.30147
1.30153
1.30158
1.30163
1.30168
1.30174
1.30179
1.30184
1.3019
1.30195
1.302
1.30205
1.30211
1.30216
1.30221
1.30227
1.30232
1.30237
1.30242
1.30248
1.30253
1.30258
1.30264
1.30269
1.30274
1.30279
1.30285
1.3029
1.30295
1.30301
1.30306
1.30311
1.30317
1.30322
1.30327
1.30333
1.30338
1.30343
1.30348
1.30354
1.30359
1.30364
1.3037
1.30375
1.3038
1.30386
1.30391
1.30396
1.30402
1.30407
1.30412
1.30418
1.30423
1.30428
1.30434
1.30439
1.30444
1.3045
1.30455
1.3046
1.30466
1.30471
1.30476
1.30482
1.30487
1.30492
1.30498
1.30503
1.30508
1.30514
1.30519
1.30524
1.3053
1.30535
1.3054
1.30546
1.30551
1.30556
1.30562
1.30567
1.30572
1.30578
1.30583
1.30588
1.30594
1.30599
1.30604
1.3061
1.30615
1.30621
1.30626
1.30631
1.30637
1.30642
1.30647
1.30653
1.30658
1.30663
1.30669
1.30674
1.3068
1.30685
1.3069
1.30696
1.30701
1.30706
1.30712
1.30717
1.30722
1.30728
1.30733
1.30739
1.30744
1.30749
1.30755
1.3076
1.30765
1.30771
1.30776
1.30782
1.30787
1.30792
1.30798
1.30803
1.30809
1.30814
1.30819
1.30825
1.3083
1.30836
1.30841
1.30846
1.30852
1.30857
1.30862
1.30868
1.30873
1.30879
1.30884
1.30889
1.30895
1.309
1.30906
1.30911
1.30917
1.30922
1.30927
1.30933
1.30938
1.30944
1.30949
1.30954
1.3096
1.30965
1.30971
1.30976
1.30981
1.30987
1.30992
1.30998
1.31003
1.31009
1.31014
1.31019
1.31025
1.3103
1.31036
1.31041
1.31047
1.31052
1.31057
1.31063
1.31068
1.31074
1.31079
1.31085
1.3109
1.31095
1.31101
1.31106
1.31112
1.31117
1.31123
1.31128
1.31133
1.31139
1.31144
1.3115
1.31155
1.31161
1.31166
1.31172
1.31177
1.31182
1.31188
1.31193
1.31199
1.31204
1.3121
1.31215
1.31221
1.31226
1.31232
1.31237
1.31242
1.31248
1.31253
1.31259
1.31264
1.3127
1.31275
1.31281
1.31286
1.31292
1.31297
1.31303
1.31308
1.31314
1.31319
1.31324
1.3133
1.31335
1.31341
1.31346
1.31352
1.31357
1.31363
1.31368
1.31374
1.31379
1.31385
1.3139
1.31396
1.31401
1.31407
1.31412
1.31418
1.31423
1.31429
1.31434
1.3144
1.31445
1.31451
1.31456
1.31462
1.31467
1.31473
1.31478
1.31484
1.31489
1.31495
1.315
1.31506
1.31511
1.31517
1.31522
1.31528
1.31533
1.31539
1.31544
1.3155
1.31555
1.31561
1.31566
1.31572
1.31577
1.31583
1.31588
1.31594
1.31599
1.31605
1.3161
1.31616
1.31621
1.31627
1.31632
1.31638
1.31643
1.31649
1.31655
1.3166
1.31666
1.31671
1.31677
1.31682
1.31688
1.31693
1.31699
1.31704
1.3171
1.31715
1.31721
1.31726
1.31732
1.31738
1.31743
1.31749
1.31754
1.3176
1.31765
1.31771
1.31776
1.31782
1.31787
1.31793
1.31799
1.31804
1.3181
1.31815
1.31821
1.31826
1.31832
1.31837
1.31843
1.31849
1.31854
1.3186
1.31865
1.31871
1.31876
1.31882
1.31887
1.31893
1.31899
1.31904
1.3191
1.31915
1.31921
1.31926
1.31932
1.31938
1.31943
1.31949
1.31954
1.3196
1.31965
1.31971
1.31977
1.31982
1.31988
1.31993
1.31999
1.32005
1.3201
1.32016
1.32021
1.32027
1.32032
1.32038
1.32044
1.32049
1.32055
1.3206
1.32066
1.32072
1.32077
1.32083
1.32088
1.32094
1.321
1.32105
1.32111
1.32116
1.32122
1.32128
1.32133
1.32139
1.32144
1.3215
1.32156
1.32161
1.32167
1.32173
1.32178
1.32184
1.32189
1.32195
1.32201
1.32206
1.32212
1.32217
1.32223
1.32229
1.32234
1.3224
1.32246
1.32251
1.32257
1.32262
1.32268
1.32274
1.32279
1.32285
1.32291
1.32296
1.32302
1.32307
1.32313
1.32319
1.32324
1.3233
1.32336
1.32341
1.32347
1.32353
1.32358
1.32364
1.3237
1.32375
1.32381
1.32386
1.32392
1.32398
1.32403
1.32409
1.32415
1.3242
1.32426
1.32432
1.32437
1.32443
1.32449
1.32454
1.3246
1.32466
1.32471
1.32477
1.32483
1.32488
1.32494
1.325
1.32505
1.32511
1.32517
1.32522
1.32528
1.32534
1.32539
1.32545
1.32551
1.32556
1.32562
1.32568
1.32573
1.32579
1.32585
1.3259
1.32596
1.32602
1.32607
1.32613
1.32619
1.32624
1.3263
1.32636
1.32642
1.32647
1.32653
1.32659
1.32664
1.3267
1.32676
1.32681
1.32687
1.32693
1.32698
1.32704
1.3271
1.32716
1.32721
1.32727
1.32733
1.32738
1.32744
1.3275
1.32756
1.32761
1.32767
1.32773
1.32778
1.32784
1.3279
1.32796
1.32801
1.32807
1.32813
1.32818
1.32824
1.3283
1.32836
1.32841
1.32847
1.32853
1.32858
1.32864
1.3287
1.32876
1.32881
1.32887
1.32893
1.32899
1.32904
1.3291
1.32916
1.32921
1.32927
1.32933
1.32939
1.32944
1.3295
1.32956
1.32962
1.32967
1.32973
1.32979
1.32985
1.3299
1.32996
1.33002
1.33008
1.33013
1.33019
1.33025
1.33031
1.33036
1.33042
1.33048
1.33054
1.33059
1.33065
1.33071
1.33077
1.33082
1.33088
1.33094
1.331
1.33105
1.33111
1.33117
1.33123
1.33129
1.33134
1.3314
1.33146
1.33152
1.33157
1.33163
1.33169
1.33175
1.33181
1.33186
1.33192
1.33198
1.33204
1.33209
1.33215
1.33221
1.33227
1.33233
1.33238
1.33244
1.3325
1.33256
1.33261
1.33267
1.33273
1.33279
1.33285
1.3329
1.33296
1.33302
1.33308
1.33314
1.33319
1.33325
1.33331
1.33337
1.33343
1.33348
1.33354
1.3336
1.33366
1.33372
1.33377
1.33383
1.33389
1.33395
1.33401
1.33407
1.33412
1.33418
1.33424
1.3343
1.33436
1.33441
1.33447
1.33453
1.33459
1.33465
1.33471
1.33476
1.33482
1.33488
1.33494
1.335
1.33506
1.33511
1.33517
1.33523
1.33529
1.33535
1.33541
1.33546
1.33552
1.33558
1.33564
1.3357
1.33576
1.33581
1.33587
1.33593
1.33599
1.33605
1.33611
1.33616
1.33622
1.33628
1.33634
1.3364
1.33646
1.33652
1.33657
1.33663
1.33669
1.33675
1.33681
1.33687
1.33693
1.33698
1.33704
1.3371
1.33716
1.33722
1.33728
1.33734
1.33739
1.33745
1.33751
1.33757
1.33763
1.33769
1.33775
1.33781
1.33786
1.33792
1.33798
1.33804
1.3381
1.33816
1.33822
1.33828
1.33834
1.33839
1.33845
1.33851
1.33857
1.33863
1.33869
1.33875
1.33881
1.33886
1.33892
1.33898
1.33904
1.3391
1.33916
1.33922
1.33928
1.33934
1.3394
1.33945
1.33951
1.33957
1.33963
1.33969
1.33975
1.33981
1.33987
1.33993
1.33999
1.34005
1.3401
1.34016
1.34022
1.34028
1.34034
1.3404
1.34046
1.34052
1.34058
1.34064
1.3407
1.34076
1.34081
1.34087
1.34093
1.34099
1.34105
1.34111
1.34117
1.34123
1.34129
1.34135
1.34141
1.34147
1.34153
1.34159
1.34165
1.3417
1.34176
1.34182
1.34188
1.34194
1.342
1.34206
1.34212
1.34218
1.34224
1.3423
1.34236
1.34242
1.34248
1.34254
1.3426
1.34266
1.34272
1.34277
1.34283
1.34289
1.34295
1.34301
1.34307
1.34313
1.34319
1.34325
1.34331
1.34337
1.34343
1.34349
1.34355
1.34361
1.34367
1.34373
1.34379
1.34385
1.34391
1.34397
1.34403
1.34409
1.34415
1.34421
1.34427
1.34433
1.34439
1.34445
1.34451
1.34457
1.34463
1.34469
1.34475
1.34481
1.34487
1.34493
1.34499
1.34504
1.3451
1.34516
1.34522
1.34528
1.34534
1.3454
1.34546
1.34552
1.34558
1.34564
1.3457
1.34576
1.34582
1.34588
1.34594
1.346
1.34607
1.34613
1.34619
1.34625
1.34631
1.34637
1.34643
1.34649
1.34655
1.34661
1.34667
1.34673
1.34679
1.34685
1.34691
1.34697
1.34703
1.34709
1.34715
1.34721
1.34727
1.34733
1.34739
1.34745
1.34751
1.34757
1.34763
1.34769
1.34775
1.34781
1.34787
1.34793
1.34799
1.34805
1.34811
1.34817
1.34823
1.3483
1.34836
1.34842
1.34848
1.34854
1.3486
1.34866
1.34872
1.34878
1.34884
1.3489
1.34896
1.34902
1.34908
1.34914
1.3492
1.34926
1.34932
1.34938
1.34945
1.34951
1.34957
1.34963
1.34969
1.34975
1.34981
1.34987
1.34993
1.34999
1.35005
1.35011
1.35017
1.35023
1.3503
1.35036
1.35042
1.35048
1.35054
1.3506
1.35066
1.35072
1.35078
1.35084
1.3509
1.35096
1.35103
1.35109
1.35115
1.35121
1.35127
1.35133
1.35139
1.35145
1.35151
1.35157
1.35163
1.3517
1.35176
1.35182
1.35188
1.35194
1.352
1.35206
1.35212
1.35218
1.35225
1.35231
1.35237
1.35243
1.35249
1.35255
1.35261
1.35267
1.35273
1.3528
1.35286
1.35292
1.35298
1.35304
1.3531
1.35316
1.35322
1.35328
1.35335
1.35341
1.35347
1.35353
1.35359
1.35365
1.35371
1.35378
1.35384
1.3539
1.35396
1.35402
1.35408
1.35414
1.35421
1.35427
1.35433
1.35439
1.35445
1.35451
1.35457
1.35464
1.3547
1.35476
1.35482
1.35488
1.35494
1.355
1.35507
1.35513
1.35519
1.35525
1.35531
1.35537
1.35544
1.3555
1.35556
1.35562
1.35568
1.35574
1.3558
1.35587
1.35593
1.35599
1.35605
1.35611
1.35618
1.35624
1.3563
1.35636
1.35642
1.35648
1.35655
1.35661
1.35667
1.35673
1.35679
1.35685
1.35692
1.35698
1.35704
1.3571
1.35716
1.35723
1.35729
1.35735
1.35741
1.35747
1.35754
1.3576
1.35766
1.35772
1.35778
1.35785
1.35791
1.35797
1.35803
1.35809
1.35816
1.35822
1.35828
1.35834
1.3584
1.35847
1.35853
1.35859
1.35865
1.35871
1.35878
1.35884
1.3589
1.35896
1.35903
1.35909
1.35915
1.35921
1.35927
1.35934
1.3594
1.35946
1.35952
1.35959
1.35965
1.35971
1.35977
1.35983
1.3599
1.35996
1.36002
1.36008
1.36015
1.36021
1.36027
1.36033
1.3604
1.36046
1.36052
1.36058
1.36065
1.36071
1.36077
1.36083
1.36089
1.36096
1.36102
1.36108
1.36115
1.36121
1.36127
1.36133
1.3614
1.36146
1.36152
1.36158
1.36165
1.36171
1.36177
1.36183
1.3619
1.36196
1.36202
1.36208
1.36215
1.36221
1.36227
1.36233
1.3624
1.36246
1.36252
1.36259
1.36265
1.36271
1.36277
1.36284
1.3629
1.36296
1.36303
1.36309
1.36315
1.36321
1.36328
1.36334
1.3634
1.36347
1.36353
1.36359
1.36365
1.36372
1.36378
1.36384
1.36391
1.36397
1.36403
1.36409
1.36416
1.36422
1.36428
1.36435
1.36441
1.36447
1.36454
1.3646
1.36466
1.36473
1.36479
1.36485
1.36491
1.36498
1.36504
1.3651
1.36517
1.36523
1.36529
1.36536
1.36542
1.36548
1.36555
1.36561
1.36567
1.36574
1.3658
1.36586
1.36593
1.36599
1.36605
1.36612
1.36618
1.36624
1.36631
1.36637
1.36643
1.3665
1.36656
1.36662
1.36669
1.36675
1.36681
1.36688
1.36694
1.367
1.36707
1.36713
1.36719
1.36726
1.36732
1.36738
1.36745
1.36751
1.36758
1.36764
1.3677
1.36777
1.36783
1.36789
1.36796
1.36802
1.36808
1.36815
1.36821
1.36827
1.36834
1.3684
1.36847
1.36853
1.36859
1.36866
1.36872
1.36878
1.36885
1.36891
1.36898
1.36904
1.3691
1.36917
1.36923
1.3693
1.36936
1.36942
1.36949
1.36955
1.36961
1.36968
1.36974
1.36981
1.36987
1.36993
1.37
1.37006
1.37013
1.37019
1.37025
1.37032
1.37038
1.37045
1.37051
1.37057
1.37064
1.3707
1.37077
1.37083
1.37089
1.37096
1.37102
1.37109
1.37115
1.37121
1.37128
1.37134
1.37141
1.37147
1.37154
1.3716
1.37166
1.37173
1.37179
1.37186
1.37192
1.37199
1.37205
1.37211
1.37218
1.37224
1.37231
1.37237
1.37244
1.3725
1.37256
1.37263
1.37269
1.37276
1.37282
1.37289
1.37295
1.37301
1.37308
1.37314
1.37321
1.37327
1.37334
1.3734
1.37347
1.37353
1.3736
1.37366
1.37372
1.37379
1.37385
1.37392
1.37398
1.37405
1.37411
1.37418
1.37424
1.37431
1.37437
1.37443
1.3745
1.37456
1.37463
1.37469
1.37476
1.37482
1.37489
1.37495
1.37502
1.37508
1.37515
1.37521
1.37528
1.37534
1.37541
1.37547
1.37554
1.3756
1.37567
1.37573
1.3758
1.37586
1.37592
1.37599
1.37605
1.37612
1.37618
1.37625
1.37631
1.37638
1.37644
1.37651
1.37657
1.37664
1.3767
1.37677
1.37683
1.3769
1.37696
1.37703
1.37709
1.37716
1.37723
1.37729
1.37736
1.37742
1.37749
1.37755
1.37762
1.37768
1.37775
1.37781
1.37788
1.37794
1.37801
1.37807
1.37814
1.3782
1.37827
1.37833
1.3784
1.37846
1.37853
1.37859
1.37866
1.37873
1.37879
1.37886
1.37892
1.37899
1.37905
1.37912
1.37918
1.37925
1.37931
1.37938
1.37944
1.37951
1.37958
1.37964
1.37971
1.37977
1.37984
1.3799
1.37997
1.38003
1.3801
1.38017
1.38023
1.3803
1.38036
1.38043
1.38049
1.38056
1.38063
1.38069
1.38076
1.38082
1.38089
1.38095
1.38102
1.38108
1.38115
1.38122
1.38128
1.38135
1.38141
1.38148
1.38155
1.38161
1.38168
1.38174
1.38181
1.38187
1.38194
1.38201
1.38207
1.38214
1.3822
1.38227
1.38234
1.3824
1.38247
1.38253
1.3826
1.38267
1.38273
1.3828
1.38286
1.38293
1.383
1.38306
1.38313
1.38319
1.38326
1.38333
1.38339
1.38346
1.38352
1.38359
1.38366
1.38372
1.38379
1.38385
1.38392
1.38399
1.38405
1.38412
1.38419
1.38425
1.38432
1.38438
1.38445
1.38452
1.38458
1.38465
1.38472
1.38478
1.38485
1.38492
1.38498
1.38505
1.38511
1.38518
1.38525
1.38531
1.38538
1.38545
1.38551
1.38558
1.38565
1.38571
1.38578
1.38584
1.38591
1.38598
1.38604
1.38611
1.38618
1.38624
1.38631
1.38638
1.38644
1.38651
1.38658
1.38664
1.38671
1.38678
1.38684
1.38691
1.38698
1.38704
1.38711
1.38718
1.38724
1.38731
1.38738
1.38744
1.38751
1.38758
1.38764
1.38771
1.38778
1.38784
1.38791
1.38798
1.38804
1.38811
1.38818
1.38825
1.38831
1.38838
1.38845
1.38851
1.38858
1.38865
1.38871
1.38878
1.38885
1.38891
1.38898
1.38905
1.38912
1.38918
1.38925
1.38932
1.38938
1.38945
1.38952
1.38959
1.38965
1.38972
1.38979
1.38985
1.38992
1.38999
1.39006
1.39012
1.39019
1.39026
1.39032
1.39039
1.39046
1.39053
1.39059
1.39066
1.39073
1.39079
1.39086
1.39093
1.391
1.39106
1.39113
1.3912
1.39127
1.39133
1.3914
1.39147
1.39154
1.3916
1.39167
1.39174
1.39181
1.39187
1.39194
1.39201
1.39208
1.39214
1.39221
1.39228
1.39235
1.39241
1.39248
1.39255
1.39262
1.39268
1.39275
1.39282
1.39289
1.39295
1.39302
1.39309
1.39316
1.39322
1.39329
1.39336
1.39343
1.39349
1.39356
1.39363
1.3937
1.39377
1.39383
1.3939
1.39397
1.39404
1.3941
1.39417
1.39424
1.39431
1.39438
1.39444
1.39451
1.39458
1.39465
1.39472
1.39478
1.39485
1.39492
1.39499
1.39506
1.39512
1.39519
1.39526
1.39533
1.3954
1.39546
1.39553
1.3956
1.39567
1.39574
1.3958
1.39587
1.39594
1.39601
1.39608
1.39614
1.39621
1.39628
1.39635
1.39642
1.39649
1.39655
1.39662
1.39669
1.39676
1.39683
1.39689
1.39696
1.39703
1.3971
1.39717
1.39724
1.3973
1.39737
1.39744
1.39751
1.39758
1.39765
1.39771
1.39778
1.39785
1.39792
1.39799
1.39806
1.39812
1.39819
1.39826
1.39833
1.3984
1.39847
1.39854
1.3986
1.39867
1.39874
1.39881
1.39888
1.39895
1.39902
1.39908
1.39915
1.39922
1.39929
1.39936
1.39943
1.3995
1.39957
1.39963
1.3997
1.39977
1.39984
1.39991
1.39998
1.40005
1.40012
1.40018
1.40025
1.40032
1.40039
1.40046
1.40053
1.4006
1.40067
1.40073
1.4008
1.40087
1.40094
1.40101
1.40108
1.40115
1.40122
1.40129
1.40135
1.40142
1.40149
1.40156
1.40163
1.4017
1.40177
1.40184
1.40191
1.40198
1.40205
1.40211
1.40218
1.40225
1.40232
1.40239
1.40246
1.40253
1.4026
1.40267
1.40274
1.40281
1.40288
1.40294
1.40301
1.40308
1.40315
1.40322
1.40329
1.40336
1.40343
1.4035
1.40357
1.40364
1.40371
1.40378
1.40385
1.40391
1.40398
1.40405
1.40412
1.40419
1.40426
1.40433
1.4044
1.40447
1.40454
1.40461
1.40468
1.40475
1.40482
1.40489
1.40496
1.40503
1.4051
1.40517
1.40523
1.4053
1.40537
1.40544
1.40551
1.40558
1.40565
1.40572
1.40579
1.40586
1.40593
1.406
1.40607
1.40614
1.40621
1.40628
1.40635
1.40642
1.40649
1.40656
1.40663
1.4067
1.40677
1.40684
1.40691
1.40698
1.40705
1.40712
1.40719
1.40726
1.40733
1.4074
1.40747
1.40754
1.40761
1.40768
1.40775
1.40782
1.40789
1.40796
1.40803
1.4081
1.40817
1.40824
1.40831
1.40838
1.40845
1.40852
1.40859
1.40866
1.40873
1.4088
1.40887
1.40894
1.40901
1.40908
1.40915
1.40922
1.40929
1.40936
1.40943
1.4095
1.40957
1.40964
1.40971
1.40978
1.40985
1.40992
1.40999
1.41006
1.41013
1.4102
1.41028
1.41035
1.41042
1.41049
1.41056
1.41063
1.4107
1.41077
1.41084
1.41091
1.41098
1.41105
1.41112
1.41119
1.41126
1.41133
1.4114
1.41147
1.41154
1.41162
1.41169
1.41176
1.41183
1.4119
1.41197
1.41204
1.41211
1.41218
1.41225
1.41232
1.41239
1.41246
1.41253
1.4126
1.41268
1.41275
1.41282
1.41289
1.41296
1.41303
1.4131
1.41317
1.41324
1.41331
1.41338
1.41346
1.41353
1.4136
1.41367
1.41374
1.41381
1.41388
1.41395
1.41402
1.41409
1.41416
1.41424
1.41431
1.41438
1.41445
1.41452
1.41459
1.41466
1.41473
1.4148
1.41488
1.41495
1.41502
1.41509
1.41516
1.41523
1.4153
1.41537
1.41545
1.41552
1.41559
1.41566
1.41573
1.4158
1.41587
1.41594
1.41602
1.41609
1.41616
1.41623
1.4163
1.41637
1.41644
1.41652
1.41659
1.41666
1.41673
1.4168
1.41687
1.41694
1.41702
1.41709
1.41716
1.41723
1.4173
1.41737
1.41744
1.41752
1.41759
1.41766
1.41773
1.4178
1.41787
1.41795
1.41802
1.41809
1.41816
1.41823
1.4183
1.41838
1.41845
1.41852
1.41859
1.41866
1.41873
1.41881
1.41888
1.41895
1.41902
1.41909
1.41916
1.41924
1.41931
1.41938
1.41945
1.41952
1.4196
1.41967
1.41974
1.41981
1.41988
1.41996
1.42003
1.4201
1.42017
1.42024
1.42032
1.42039
1.42046
1.42053
1.4206
1.42068
1.42075
1.42082
1.42089
1.42096
1.42104
1.42111
1.42118
1.42125
1.42132
1.4214
1.42147
1.42154
1.42161
1.42169
1.42176
1.42183
1.4219
1.42198
1.42205
1.42212
1.42219
1.42226
1.42234
1.42241
1.42248
1.42255
1.42263
1.4227
1.42277
1.42284
1.42292
1.42299
1.42306
1.42313
1.42321
1.42328
1.42335
1.42342
1.4235
1.42357
1.42364
1.42371
1.42379
1.42386
1.42393
1.424
1.42408
1.42415
1.42422
1.42429
1.42437
1.42444
1.42451
1.42458
1.42466
1.42473
1.4248
1.42488
1.42495
1.42502
1.42509
1.42517
1.42524
1.42531
1.42539
1.42546
1.42553
1.4256
1.42568
1.42575
1.42582
1.4259
1.42597
1.42604
1.42611
1.42619
1.42626
1.42633
1.42641
1.42648
1.42655
1.42662
1.4267
1.42677
1.42684
1.42692
1.42699
1.42706
1.42714
1.42721
1.42728
1.42736
1.42743
1.4275
1.42758
1.42765
1.42772
1.42779
1.42787
1.42794
1.42801
1.42809
1.42816
1.42823
1.42831
1.42838
1.42845
1.42853
1.4286
1.42867
1.42875
1.42882
1.42889
1.42897
1.42904
1.42911
1.42919
1.42926
1.42933
1.42941
1.42948
1.42956
1.42963
1.4297
1.42978
1.42985
1.42992
1.43
1.43007
1.43014
1.43022
1.43029
1.43036
1.43044
1.43051
1.43059
1.43066
1.43073
1.43081
1.43088
1.43095
1.43103
1.4311
1.43118
1.43125
1.43132
1.4314
1.43147
1.43154
1.43162
1.43169
1.43177
1.43184
1.43191
1.43199
1.43206
1.43213
1.43221
1.43228
1.43236
1.43243
1.4325
1.43258
1.43265
1.43273
1.4328
1.43287
1.43295
1.43302
1.4331
1.43317
1.43324
1.43332
1.43339
1.43347
1.43354
1.43362
1.43369
1.43376
1.43384
1.43391
1.43399
1.43406
1.43413
1.43421
1.43428
1.43436
1.43443
1.43451
1.43458
1.43465
1.43473
1.4348
1.43488
1.43495
1.43503
1.4351
1.43518
1.43525
1.43532
1.4354
1.43547
1.43555
1.43562
1.4357
1.43577
1.43585
1.43592
1.43599
1.43607
1.43614
1.43622
1.43629
1.43637
1.43644
1.43652
1.43659
1.43667
1.43674
1.43681
1.43689
1.43696
1.43704
1.43711
1.43719
1.43726
1.43734
1.43741
1.43749
1.43756
1.43764
1.43771
1.43779
1.43786
1.43794
1.43801
1.43809
1.43816
1.43824
1.43831
1.43839
1.43846
1.43853
1.43861
1.43868
1.43876
1.43883
1.43891
1.43898
1.43906
1.43913
1.43921
1.43928
1.43936
1.43944
1.43951
1.43959
1.43966
1.43974
1.43981
1.43989
1.43996
1.44004
1.44011
1.44019
1.44026
1.44034
1.44041
1.44049
1.44056
1.44064
1.44071
1.44079
1.44086
1.44094
1.44101
1.44109
1.44117
1.44124
1.44132
1.44139
1.44147
1.44154
1.44162
1.44169
1.44177
1.44184
1.44192
1.44199
1.44207
1.44215
1.44222
1.4423
1.44237
1.44245
1.44252
1.4426
1.44267
1.44275
1.44283
1.4429
1.44298
1.44305
1.44313
1.4432
1.44328
1.44336
1.44343
1.44351
1.44358
1.44366
1.44373
1.44381
1.44389
1.44396
1.44404
1.44411
1.44419
1.44426
1.44434
1.44442
1.44449
1.44457
1.44464
1.44472
1.4448
1.44487
1.44495
1.44502
1.4451
1.44518
1.44525
1.44533
1.4454
1.44548
1.44556
1.44563
1.44571
1.44578
1.44586
1.44594
1.44601
1.44609
1.44617
1.44624
1.44632
1.44639
1.44647
1.44655
1.44662
1.4467
1.44677
1.44685
1.44693
1.447
1.44708
1.44716
1.44723
1.44731
1.44739
1.44746
1.44754
1.44761
1.44769
1.44777
1.44784
1.44792
1.448
1.44807
1.44815
1.44823
1.4483
1.44838
1.44846
1.44853
1.44861
1.44869
1.44876
1.44884
1.44891
1.44899
1.44907
1.44914
1.44922
1.4493
1.44937
1.44945
1.44953
1.4496
1.44968
1.44976
1.44983
1.44991
1.44999
1.45007
1.45014
1.45022
1.4503
1.45037
1.45045
1.45053
1.4506
1.45068
1.45076
1.45083
1.45091
1.45099
1.45106
1.45114
1.45122
1.4513
1.45137
1.45145
1.45153
1.4516
1.45168
1.45176
1.45183
1.45191
1.45199
1.45207
1.45214
1.45222
1.4523
1.45237
1.45245
1.45253
1.45261
1.45268
1.45276
1.45284
1.45291
1.45299
1.45307
1.45315
1.45322
1.4533
1.45338
1.45346
1.45353
1.45361
1.45369
1.45377
1.45384
1.45392
1.454
1.45407
1.45415
1.45423
1.45431
1.45438
1.45446
1.45454
1.45462
1.45469
1.45477
1.45485
1.45493
1.455
1.45508
1.45516
1.45524
1.45532
1.45539
1.45547
1.45555
1.45563
1.4557
1.45578
1.45586
1.45594
1.45601
1.45609
1.45617
1.45625
1.45633
1.4564
1.45648
1.45656
1.45664
1.45671
1.45679
1.45687
1.45695
1.45703
1.4571
1.45718
1.45726
1.45734
1.45742
1.45749
1.45757
1.45765
1.45773
1.45781
1.45788
1.45796
1.45804
1.45812
1.4582
1.45827
1.45835
1.45843
1.45851
1.45859
1.45866
1.45874
1.45882
1.4589
1.45898
1.45906
1.45913
1.45921
1.45929
1.45937
1.45945
1.45953
1.4596
1.45968
1.45976
1.45984
1.45992
1.46
1.46007
1.46015
1.46023
1.46031
1.46039
1.46047
1.46054
1.46062
1.4607
1.46078
1.46086
1.46094
1.46102
1.46109
1.46117
1.46125
1.46133
1.46141
1.46149
1.46157
1.46164
1.46172
1.4618
1.46188
1.46196
1.46204
1.46212
1.4622
1.46227
1.46235
1.46243
1.46251
1.46259
1.46267
1.46275
1.46283
1.4629
1.46298
1.46306
1.46314
1.46322
1.4633
1.46338
1.46346
1.46354
1.46361
1.46369
1.46377
1.46385
1.46393
1.46401
1.46409
1.46417
1.46425
1.46433
1.4644
1.46448
1.46456
1.46464
1.46472
1.4648
1.46488
1.46496
1.46504
1.46512
1.4652
1.46528
1.46535
1.46543
1.46551
1.46559
1.46567
1.46575
1.46583
1.46591
1.46599
1.46607
1.46615
1.46623
1.46631
1.46639
1.46647
1.46655
1.46662
1.4667
1.46678
1.46686
1.46694
1.46702
1.4671
1.46718
1.46726
1.46734
1.46742
1.4675
1.46758
1.46766
1.46774
1.46782
1.4679
1.46798
1.46806
1.46814
1.46822
1.4683
1.46838
1.46846
1.46853
1.46861
1.46869
1.46877
1.46885
1.46893
1.46901
1.46909
1.46917
1.46925
1.46933
1.46941
1.46949
1.46957
1.46965
1.46973
1.46981
1.46989
1.46997
1.47005
1.47013
1.47021
1.47029
1.47037
1.47045
1.47053
1.47061
1.47069
1.47077
1.47085
1.47093
1.47101
1.47109
1.47117
1.47125
1.47133
1.47141
1.47149
1.47157
1.47166
1.47174
1.47182
1.4719
1.47198
1.47206
1.47214
1.47222
1.4723
1.47238
1.47246
1.47254
1.47262
1.4727
1.47278
1.47286
1.47294
1.47302
1.4731
1.47318
1.47326
1.47334
1.47342
1.4735
1.47359
1.47367
1.47375
1.47383
1.47391
1.47399
1.47407
1.47415
1.47423
1.47431
1.47439
1.47447
1.47455
1.47463
1.47471
1.4748
1.47488
1.47496
1.47504
1.47512
1.4752
1.47528
1.47536
1.47544
1.47552
1.4756
1.47568
1.47577
1.47585
1.47593
1.47601
1.47609
1.47617
1.47625
1.47633
1.47641
1.47649
1.47658
1.47666
1.47674
1.47682
1.4769
1.47698
1.47706
1.47714
1.47722
1.47731
1.47739
1.47747
1.47755
1.47763
1.47771
1.47779
1.47787
1.47795
1.47804
1.47812
1.4782
1.47828
1.47836
1.47844
1.47852
1.47861
1.47869
1.47877
1.47885
1.47893
1.47901
1.47909
1.47918
1.47926
1.47934
1.47942
1.4795
1.47958
1.47966
1.47975
1.47983
1.47991
1.47999
1.48007
1.48015
1.48024
1.48032
1.4804
1.48048
1.48056
1.48064
1.48073
1.48081
1.48089
1.48097
1.48105
1.48113
1.48122
1.4813
1.48138
1.48146
1.48154
1.48163
1.48171
1.48179
1.48187
1.48195
1.48204
1.48212
1.4822
1.48228
1.48236
1.48244
1.48253
1.48261
1.48269
1.48277
1.48286
1.48294
1.48302
1.4831
1.48318
1.48327
1.48335
1.48343
1.48351
1.48359
1.48368
1.48376
1.48384
1.48392
1.48401
1.48409
1.48417
1.48425
1.48433
1.48442
1.4845
1.48458
1.48466
1.48475
1.48483
1.48491
1.48499
1.48508
1.48516
1.48524
1.48532
1.48541
1.48549
1.48557
1.48565
1.48574
1.48582
1.4859
1.48598
1.48607
1.48615
1.48623
1.48631
1.4864
1.48648
1.48656
1.48664
1.48673
1.48681
1.48689
1.48697
1.48706
1.48714
1.48722
1.48731
1.48739
1.48747
1.48755
1.48764
1.48772
1.4878
1.48789
1.48797
1.48805
1.48813
1.48822
1.4883
1.48838
1.48847
1.48855
1.48863
1.48872
1.4888
1.48888
1.48896
1.48905
1.48913
1.48921
1.4893
1.48938
1.48946
1.48955
1.48963
1.48971
1.4898
1.48988
1.48996
1.49005
1.49013
1.49021
1.49029
1.49038
1.49046
1.49054
1.49063
1.49071
1.49079
1.49088
1.49096
1.49104
1.49113
1.49121
1.4913
1.49138
1.49146
1.49155
1.49163
1.49171
1.4918
1.49188
1.49196
1.49205
1.49213
1.49221
1.4923
1.49238
1.49246
1.49255
1.49263
1.49272
1.4928
1.49288
1.49297
1.49305
1.49313
1.49322
1.4933
1.49339
1.49347
1.49355
1.49364
1.49372
1.4938
1.49389
1.49397
1.49406
1.49414
1.49422
1.49431
1.49439
1.49448
1.49456
1.49464
1.49473
1.49481
1.4949
1.49498
1.49506
1.49515
1.49523
1.49532
1.4954
1.49548
1.49557
1.49565
1.49574
1.49582
1.4959
1.49599
1.49607
1.49616
1.49624
1.49633
1.49641
1.49649
1.49658
1.49666
1.49675
1.49683
1.49692
1.497
1.49708
1.49717
1.49725
1.49734
1.49742
1.49751
1.49759
1.49768
1.49776
1.49784
1.49793
1.49801
1.4981
1.49818
1.49827
1.49835
1.49844
1.49852
1.49861
1.49869
1.49877
1.49886
1.49894
1.49903
1.49911
1.4992
1.49928
1.49937
1.49945
1.49954
1.49962
1.49971
1.49979
1.49988
1.49996
1.50005
1.50013
1.50022
1.5003
1.50038
1.50047
1.50055
1.50064
1.50072
1.50081
1.50089
1.50098
1.50106
1.50115
1.50123
1.50132
1.5014
1.50149
1.50158
1.50166
1.50175
1.50183
1.50192
1.502
1.50209
1.50217
1.50226
1.50234
1.50243
1.50251
1.5026
1.50268
1.50277
1.50285
1.50294
1.50302
1.50311
1.50319
1.50328
1.50337
1.50345
1.50354
1.50362
1.50371
1.50379
1.50388
1.50396
1.50405
1.50413
1.50422
1.50431
1.50439
1.50448
1.50456
1.50465
1.50473
1.50482
1.5049
1.50499
1.50508
1.50516
1.50525
1.50533
1.50542
1.5055
1.50559
1.50568
1.50576
1.50585
1.50593
1.50602
1.5061
1.50619
1.50628
1.50636
1.50645
1.50653
1.50662
1.50671
1.50679
1.50688
1.50696
1.50705
1.50714
1.50722
1.50731
1.50739
1.50748
1.50757
1.50765
1.50774
1.50782
1.50791
1.508
1.50808
1.50817
1.50825
1.50834
1.50843
1.50851
1.5086
1.50869
1.50877
1.50886
1.50894
1.50903
1.50912
1.5092
1.50929
1.50938
1.50946
1.50955
1.50964
1.50972
1.50981
1.50989
1.50998
1.51007
1.51015
1.51024
1.51033
1.51041
1.5105
1.51059
1.51067
1.51076
1.51085
1.51093
1.51102
1.51111
1.51119
1.51128
1.51137
1.51145
1.51154
1.51163
1.51171
1.5118
1.51189
1.51197
1.51206
1.51215
1.51223
1.51232
1.51241
1.51249
1.51258
1.51267
1.51276
1.51284
1.51293
1.51302
1.5131
1.51319
1.51328
1.51336
1.51345
1.51354
1.51363
1.51371
1.5138
1.51389
1.51397
1.51406
1.51415
1.51423
1.51432
1.51441
1.5145
1.51458
1.51467
1.51476
1.51485
1.51493
1.51502
1.51511
1.51519
1.51528
1.51537
1.51546
1.51554
1.51563
1.51572
1.51581
1.51589
1.51598
1.51607
1.51616
1.51624
1.51633
1.51642
1.51651
1.51659
1.51668
1.51677
1.51686
1.51694
1.51703
1.51712
1.51721
1.51729
1.51738
1.51747
1.51756
1.51764
1.51773
1.51782
1.51791
1.518
1.51808
1.51817
1.51826
1.51835
1.51843
1.51852
1.51861
1.5187
1.51879
1.51887
1.51896
1.51905
1.51914
1.51923
1.51931
1.5194
1.51949
1.51958
1.51967
1.51975
1.51984
1.51993
1.52002
1.52011
1.52019
1.52028
1.52037
1.52046
1.52055
1.52064
1.52072
1.52081
1.5209
1.52099
1.52108
1.52116
1.52125
1.52134
1.52143
1.52152
1.52161
1.52169
1.52178
1.52187
1.52196
1.52205
1.52214
1.52222
1.52231
1.5224
1.52249
1.52258
1.52267
1.52276
1.52284
1.52293
1.52302
1.52311
1.5232
1.52329
1.52338
1.52346
1.52355
1.52364
1.52373
1.52382
1.52391
1.524
1.52409
1.52417
1.52426
1.52435
1.52444
1.52453
1.52462
1.52471
1.5248
1.52489
1.52497
1.52506
1.52515
1.52524
1.52533
1.52542
1.52551
1.5256
1.52569
1.52577
1.52586
1.52595
1.52604
1.52613
1.52622
1.52631
1.5264
1.52649
1.52658
1.52667
1.52675
1.52684
1.52693
1.52702
1.52711
1.5272
1.52729
1.52738
1.52747
1.52756
1.52765
1.52774
1.52783
1.52792
1.52801
1.52809
1.52818
1.52827
1.52836
1.52845
1.52854
1.52863
1.52872
1.52881
1.5289
1.52899
1.52908
1.52917
1.52926
1.52935
1.52944
1.52953
1.52962
1.52971
1.5298
1.52989
1.52998
1.53007
1.53015
1.53024
1.53033
1.53042
1.53051
1.5306
1.53069
1.53078
1.53087
1.53096
1.53105
1.53114
1.53123
1.53132
1.53141
1.5315
1.53159
1.53168
1.53177
1.53186
1.53195
1.53204
1.53213
1.53222
1.53231
1.5324
1.53249
1.53258
1.53267
1.53276
1.53285
1.53294
1.53303
1.53312
1.53321
1.53331
1.5334
1.53349
1.53358
1.53367
1.53376
1.53385
1.53394
1.53403
1.53412
1.53421
1.5343
1.53439
1.53448
1.53457
1.53466
1.53475
1.53484
1.53493
1.53502
1.53511
1.5352
1.53529
1.53539
1.53548
1.53557
1.53566
1.53575
1.53584
1.53593
1.53602
1.53611
1.5362
1.53629
1.53638
1.53647
1.53656
1.53666
1.53675
1.53684
1.53693
1.53702
1.53711
1.5372
1.53729
1.53738
1.53747
1.53756
1.53766
1.53775
1.53784
1.53793
1.53802
1.53811
1.5382
1.53829
1.53838
1.53847
1.53857
1.53866
1.53875
1.53884
1.53893
1.53902
1.53911
1.5392
1.5393
1.53939
1.53948
1.53957
1.53966
1.53975
1.53984
1.53993
1.54003
1.54012
1.54021
1.5403
1.54039
1.54048
1.54057
1.54067
1.54076
1.54085
1.54094
1.54103
1.54112
1.54121
1.54131
1.5414
1.54149
1.54158
1.54167
1.54176
1.54186
1.54195
1.54204
1.54213
1.54222
1.54231
1.54241
1.5425
1.54259
1.54268
1.54277
1.54287
1.54296
1.54305
1.54314
1.54323
1.54332
1.54342
1.54351
1.5436
1.54369
1.54378
1.54388
1.54397
1.54406
1.54415
1.54424
1.54434
1.54443
1.54452
1.54461
1.5447
1.5448
1.54489
1.54498
1.54507
1.54517
1.54526
1.54535
1.54544
1.54553
1.54563
1.54572
1.54581
1.5459
1.546
1.54609
1.54618
1.54627
1.54637
1.54646
1.54655
1.54664
1.54674
1.54683
1.54692
1.54701
1.54711
1.5472
1.54729
1.54738
1.54748
1.54757
1.54766
1.54775
1.54785
1.54794
1.54803
1.54812
1.54822
1.54831
1.5484
1.5485
1.54859
1.54868
1.54877
1.54887
1.54896
1.54905
1.54914
1.54924
1.54933
1.54942
1.54952
1.54961
1.5497
1.5498
1.54989
1.54998
1.55007
1.55017
1.55026
1.55035
1.55045
1.55054
1.55063
1.55073
1.55082
1.55091
1.55101
1.5511
1.55119
1.55128
1.55138
1.55147
1.55156
1.55166
1.55175
1.55184
1.55194
1.55203
1.55212
1.55222
1.55231
1.5524
1.5525
1.55259
1.55268
1.55278
1.55287
1.55297
1.55306
1.55315
1.55325
1.55334
1.55343
1.55353
1.55362
1.55371
1.55381
1.5539
1.55399
1.55409
1.55418
1.55428
1.55437
1.55446
1.55456
1.55465
1.55474
1.55484
1.55493
1.55503
1.55512
1.55521
1.55531
1.5554
1.5555
1.55559
1.55568
1.55578
1.55587
1.55596
1.55606
1.55615
1.55625
1.55634
1.55644
1.55653
1.55662
1.55672
1.55681
1.55691
1.557
1.55709
1.55719
1.55728
1.55738
1.55747
1.55756
1.55766
1.55775
1.55785
1.55794
1.55804
1.55813
1.55823
1.55832
1.55841
1.55851
1.5586
1.5587
1.55879
1.55889
1.55898
1.55908
1.55917
1.55926
1.55936
1.55945
1.55955
1.55964
1.55974
1.55983
1.55993
1.56002
1.56012
1.56021
1.5603
1.5604
1.56049
1.56059
1.56068
1.56078
1.56087
1.56097
1.56106
1.56116
1.56125
1.56135
1.56144
1.56154
1.56163
1.56173
1.56182
1.56192
1.56201
1.56211
1.5622
1.5623
1.56239
1.56249
1.56258
1.56268
1.56277
1.56287
1.56296
1.56306
1.56315
1.56325
1.56334
1.56344
1.56353
1.56363
1.56372
1.56382
1.56391
1.56401
1.56411
1.5642
1.5643
1.56439
1.56449
1.56458
1.56468
1.56477
1.56487
1.56496
1.56506
1.56516
1.56525
1.56535
1.56544
1.56554
1.56563
1.56573
1.56582
1.56592
1.56602
1.56611
1.56621
1.5663
1.5664
1.56649
1.56659
1.56669
1.56678
1.56688
1.56697
1.56707
1.56716
1.56726
1.56736
1.56745
1.56755
1.56764
1.56774
1.56784
1.56793
1.56803
1.56812
1.56822
1.56832
1.56841
1.56851
1.5686
1.5687
1.5688
1.56889
1.56899
1.56908
1.56918
1.56928
1.56937
1.56947
1.56957
1.56966
1.56976
1.56985
1.56995
1.57005
1.57014
1.57024
1.57034
1.57043
1.57053
1.57062
1.57072
1.57082
1.57091
1.57101
1.57111
1.5712
1.5713
1.5714
1.57149
1.57159
1.57169
1.57178
1.57188
1.57198
1.57207
1.57217
1.57227
1.57236
1.57246
1.57256
1.57265
1.57275
1.57285
1.57294
1.57304
1.57314
1.57323
1.57333
1.57343
1.57352
1.57362
1.57372
1.57381
1.57391
1.57401
1.57411
1.5742
1.5743
1.5744
1.57449
1.57459
1.57469
1.57479
1.57488
1.57498
1.57508
1.57517
1.57527
1.57537
1.57547
1.57556
1.57566
1.57576
1.57585
1.57595
1.57605
1.57615
1.57624
1.57634
1.57644
1.57654
1.57663
1.57673
1.57683
1.57693
1.57702
1.57712
1.57722
1.57732
1.57741
1.57751
1.57761
1.57771
1.5778
1.5779
1.578
1.5781
1.57819
1.57829
1.57839
1.57849
1.57858
1.57868
1.57878
1.57888
1.57898
1.57907
1.57917
1.57927
1.57937
1.57946
1.57956
1.57966
1.57976
1.57986
1.57995
1.58005
1.58015
1.58025
1.58035
1.58044
1.58054
1.58064
1.58074
1.58084
1.58093
1.58103
1.58113
1.58123
1.58133
1.58143
1.58152
1.58162
1.58172
1.58182
1.58192
1.58201
1.58211
1.58221
1.58231
1.58241
1.58251
1.5826
1.5827
1.5828
1.5829
1.583
1.5831
1.5832
1.58329
1.58339
1.58349
1.58359
1.58369
1.58379
1.58389
1.58398
1.58408
1.58418
1.58428
1.58438
1.58448
1.58458
1.58467
1.58477
1.58487
1.58497
1.58507
1.58517
1.58527
1.58537
1.58547
1.58556
1.58566
1.58576
1.58586
1.58596
1.58606
1.58616
1.58626
1.58636
1.58645
1.58655
1.58665
1.58675
1.58685
1.58695
1.58705
1.58715
1.58725
1.58735
1.58745
1.58755
1.58764
1.58774
1.58784
1.58794
1.58804
1.58814
1.58824
1.58834
1.58844
1.58854
1.58864
1.58874
1.58884
1.58894
1.58904
1.58913
1.58923
1.58933
1.58943
1.58953
1.58963
1.58973
1.58983
1.58993
1.59003
1.59013
1.59023
1.59033
1.59043
1.59053
1.59063
1.59073
1.59083
1.59093
1.59103
1.59113
1.59123
1.59133
1.59143
1.59153
1.59163
1.59173
1.59183
1.59193
1.59203
1.59213
1.59223
1.59233
1.59243
1.59253
1.59263
1.59273
1.59283
1.59293
1.59303
1.59313
1.59323
1.59333
1.59343
1.59353
1.59363
1.59373
1.59383
1.59393
1.59403
1.59413
1.59423
1.59433
1.59443
1.59453
1.59463
1.59473
1.59483
1.59493
1.59503
1.59513
1.59523
1.59534
1.59544
1.59554
1.59564
1.59574
1.59584
1.59594
1.59604
1.59614
1.59624
1.59634
1.59644
1.59654
1.59664
1.59674
1.59684
1.59695
1.59705
1.59715
1.59725
1.59735
1.59745
1.59755
1.59765
1.59775
1.59785
1.59795
1.59806
1.59816
1.59826
1.59836
1.59846
1.59856
1.59866
1.59876
1.59886
1.59896
1.59907
1.59917
1.59927
1.59937
1.59947
1.59957
1.59967
1.59977
1.59988
1.59998
1.60008
1.60018
1.60028
1.60038
1.60048
1.60058
1.60069
1.60079
1.60089
1.60099
1.60109
1.60119
1.6013
1.6014
1.6015
1.6016
1.6017
1.6018
1.6019
1.60201
1.60211
1.60221
1.60231
1.60241
1.60251
1.60262
1.60272
1.60282
1.60292
1.60302
1.60312
1.60323
1.60333
1.60343
1.60353
1.60363
1.60374
1.60384
1.60394
1.60404
1.60414
1.60425
1.60435
1.60445
1.60455
1.60465
1.60476
1.60486
1.60496
1.60506
1.60516
1.60527
1.60537
1.60547
1.60557
1.60568
1.60578
1.60588
1.60598
1.60608
1.60619
1.60629
1.60639
1.60649
1.6066
1.6067
1.6068
1.6069
1.60701
1.60711
1.60721
1.60731
1.60742
1.60752
1.60762
1.60772
1.60783
1.60793
1.60803
1.60813
1.60824
1.60834
1.60844
1.60855
1.60865
1.60875
1.60885
1.60896
1.60906
1.60916
1.60927
1.60937
1.60947
1.60957
1.60968
1.60978
1.60988
1.60999
1.61009
1.61019
1.61029
1.6104
1.6105
1.6106
1.61071
1.61081
1.61091
1.61102
1.61112
1.61122
1.61133
1.61143
1.61153
1.61164
1.61174
1.61184
1.61195
1.61205
1.61215
1.61226
1.61236
1.61246
1.61257
1.61267
1.61277
1.61288
1.61298
1.61308
1.61319
1.61329
1.61339
1.6135
1.6136
1.6137
1.61381
1.61391
1.61401
1.61412
1.61422
1.61433
1.61443
1.61453
1.61464
1.61474
1.61484
1.61495
1.61505
1.61516
1.61526
1.61536
1.61547
1.61557
1.61568
1.61578
1.61588
1.61599
1.61609
1.6162
1.6163
1.6164
1.61651
1.61661
1.61672
1.61682
1.61692
1.61703
1.61713
1.61724
1.61734
1.61744
1.61755
1.61765
1.61776
1.61786
1.61797
1.61807
1.61817
1.61828
1.61838
1.61849
1.61859
1.6187
1.6188
1.61891
1.61901
1.61911
1.61922
1.61932
1.61943
1.61953
1.61964
1.61974
1.61985
1.61995
1.62006
1.62016
1.62027
1.62037
1.62047
1.62058
1.62068
1.62079
1.62089
1.621
1.6211
1.62121
1.62131
1.62142
1.62152
1.62163
1.62173
1.62184
1.62194
1.62205
1.62215
1.62226
1.62236
1.62247
1.62257
1.62268
1.62278
1.62289
1.62299
1.6231
1.6232
1.62331
1.62341
1.62352
1.62362
1.62373
1.62384
1.62394
1.62405
1.62415
1.62426
1.62436
1.62447
1.62457
1.62468
1.62478
1.62489
1.62499
1.6251
1.62521
1.62531
1.62542
1.62552
1.62563
1.62573
1.62584
1.62594
1.62605
1.62616
1.62626
1.62637
1.62647
1.62658
1.62669
1.62679
1.6269
1.627
1.62711
1.62721
1.62732
1.62743
1.62753
1.62764
1.62774
1.62785
1.62796
1.62806
1.62817
1.62827
1.62838
1.62849
1.62859
1.6287
1.6288
1.62891
1.62902
1.62912
1.62923
1.62934
1.62944
1.62955
1.62965
1.62976
1.62987
1.62997
1.63008
1.63019
1.63029
1.6304
1.6305
1.63061
1.63072
1.63082
1.63093
1.63104
1.63114
1.63125
1.63136
1.63146
1.63157
1.63168
1.63178
1.63189
1.632
1.6321
1.63221
1.63232
1.63242
1.63253
1.63264
1.63274
1.63285
1.63296
1.63306
1.63317
1.63328
1.63339
1.63349
1.6336
1.63371
1.63381
1.63392
1.63403
1.63413
1.63424
1.63435
1.63446
1.63456
1.63467
1.63478
1.63488
1.63499
1.6351
1.63521
1.63531
1.63542
1.63553
1.63563
1.63574
1.63585
1.63596
1.63606
1.63617
1.63628
1.63639
1.63649
1.6366
1.63671
1.63682
1.63692
1.63703
1.63714
1.63725
1.63735
1.63746
1.63757
1.63768
1.63778
1.63789
1.638
1.63811
1.63822
1.63832
1.63843
1.63854
1.63865
1.63875
1.63886
1.63897
1.63908
1.63919
1.63929
1.6394
1.63951
1.63962
1.63973
1.63983
1.63994
1.64005
1.64016
1.64027
1.64037
1.64048
1.64059
1.6407
1.64081
1.64091
1.64102
1.64113
1.64124
1.64135
1.64146
1.64156
1.64167
1.64178
1.64189
1.642
1.64211
1.64221
1.64232
1.64243
1.64254
1.64265
1.64276
1.64286
1.64297
1.64308
1.64319
1.6433
1.64341
1.64352
1.64362
1.64373
1.64384
1.64395
1.64406
1.64417
1.64428
1.64439
1.64449
1.6446
1.64471
1.64482
1.64493
1.64504
1.64515
1.64526
1.64537
1.64547
1.64558
1.64569
1.6458
1.64591
1.64602
1.64613
1.64624
1.64635
1.64646
1.64657
1.64667
1.64678
1.64689
1.647
1.64711
1.64722
1.64733
1.64744
1.64755
1.64766
1.64777
1.64788
1.64799
1.6481
1.6482
1.64831
1.64842
1.64853
1.64864
1.64875
1.64886
1.64897
1.64908
1.64919
1.6493
1.64941
1.64952
1.64963
1.64974
1.64985
1.64996
1.65007
1.65018
1.65029
1.6504
1.65051
1.65062
1.65073
1.65084
1.65095
1.65106
1.65117
1.65128
1.65139
1.6515
1.65161
1.65172
1.65183
1.65194
1.65205
1.65216
1.65227
1.65238
1.65249
1.6526
1.65271
1.65282
1.65293
1.65304
1.65315
1.65326
1.65337
1.65348
1.65359
1.6537
1.65381
1.65392
1.65403
1.65414
1.65425
1.65436
1.65447
1.65458
1.65469
1.6548
1.65492
1.65503
1.65514
1.65525
1.65536
1.65547
1.65558
1.65569
1.6558
1.65591
1.65602
1.65613
1.65624
1.65635
1.65647
1.65658
1.65669
1.6568
1.65691
1.65702
1.65713
1.65724
1.65735
1.65746
1.65757
1.65769
1.6578
1.65791
1.65802
1.65813
1.65824
1.65835
1.65846
1.65857
1.65869
1.6588
1.65891
1.65902
1.65913
1.65924
1.65935
1.65947
1.65958
1.65969
1.6598
1.65991
1.66002
1.66013
1.66025
1.66036
1.66047
1.66058
1.66069
1.6608
1.66091
1.66103
1.66114
1.66125
1.66136
1.66147
1.66158
1.6617
1.66181
1.66192
1.66203
1.66214
1.66226
1.66237
1.66248
1.66259
1.6627
1.66281
1.66293
1.66304
1.66315
1.66326
1.66337
1.66349
1.6636
1.66371
1.66382
1.66393
1.66405
1.66416
1.66427
1.66438
1.6645
1.66461
1.66472
1.66483
1.66494
1.66506
1.66517
1.66528
1.66539
1.66551
1.66562
1.66573
1.66584
1.66596
1.66607
1.66618
1.66629
1.66641
1.66652
1.66663
1.66674
1.66686
1.66697
1.66708
1.66719
1.66731
1.66742
1.66753
1.66765
1.66776
1.66787
1.66798
1.6681
1.66821
1.66832
1.66844
1.66855
1.66866
1.66877
1.66889
1.669
1.66911
1.66923
1.66934
1.66945
1.66957
1.66968
1.66979
1.6699
1.67002
1.67013
1.67024
1.67036
1.67047
1.67058
1.6707
1.67081
1.67092
1.67104
1.67115
1.67126
1.67138
1.67149
1.6716
1.67172
1.67183
1.67194
1.67206
1.67217
1.67228
1.6724
1.67251
1.67263
1.67274
1.67285
1.67297
1.67308
1.67319
1.67331
1.67342
1.67354
1.67365
1.67376
1.67388
1.67399
1.6741
1.67422
1.67433
1.67445
1.67456
1.67467
1.67479
1.6749
1.67502
1.67513
1.67524
1.67536
1.67547
1.67559
1.6757
1.67581
1.67593
1.67604
1.67616
1.67627
1.67639
1.6765
1.67661
1.67673
1.67684
1.67696
1.67707
1.67719
1.6773
1.67742
1.67753
1.67764
1.67776
1.67787
1.67799
1.6781
1.67822
1.67833
1.67845
1.67856
1.67868
1.67879
1.6789
1.67902
1.67913
1.67925
1.67936
1.67948
1.67959
1.67971
1.67982
1.67994
1.68005
1.68017
1.68028
1.6804
1.68051
1.68063
1.68074
1.68086
1.68097
1.68109
1.6812
1.68132
1.68143
1.68155
1.68166
1.68178
1.68189
1.68201
1.68212
1.68224
1.68235
1.68247
1.68258
1.6827
1.68282
1.68293
1.68305
1.68316
1.68328
1.68339
1.68351
1.68362
1.68374
1.68385
1.68397
1.68409
1.6842
1.68432
1.68443
1.68455
1.68466
1.68478
1.6849
1.68501
1.68513
1.68524
1.68536
1.68547
1.68559
1.68571
1.68582
1.68594
1.68605
1.68617
1.68629
1.6864
1.68652
1.68663
1.68675
1.68687
1.68698
1.6871
1.68721
1.68733
1.68745
1.68756
1.68768
1.6878
1.68791
1.68803
1.68814
1.68826
1.68838
1.68849
1.68861
1.68873
1.68884
1.68896
1.68907
1.68919
1.68931
1.68942
1.68954
1.68966
1.68977
1.68989
1.69001
1.69012
1.69024
1.69036
1.69047
1.69059
1.69071
1.69082
1.69094
1.69106
1.69117
1.69129
1.69141
1.69153
1.69164
1.69176
1.69188
1.69199
1.69211
1.69223
1.69234
1.69246
1.69258
1.69269
1.69281
1.69293
1.69305
1.69316
1.69328
1.6934
1.69351
1.69363
1.69375
1.69387
1.69398
1.6941
1.69422
1.69434
1.69445
1.69457
1.69469
1.69481
1.69492
1.69504
1.69516
1.69528
1.69539
1.69551
1.69563
1.69575
1.69586
1.69598
1.6961
1.69622
1.69633
1.69645
1.69657
1.69669
1.69681
1.69692
1.69704
1.69716
1.69728
1.69739
1.69751
1.69763
1.69775
1.69787
1.69798
1.6981
1.69822
1.69834
1.69846
1.69857
1.69869
1.69881
1.69893
1.69905
1.69917
1.69928
1.6994
1.69952
1.69964
1.69976
1.69987
1.69999
1.70011
1.70023
1.70035
1.70047
1.70059
1.7007
1.70082
1.70094
1.70106
1.70118
1.7013
1.70141
1.70153
1.70165
1.70177
1.70189
1.70201
1.70213
1.70225
1.70236
1.70248
1.7026
1.70272
1.70284
1.70296
1.70308
1.7032
1.70332
1.70343
1.70355
1.70367
1.70379
1.70391
1.70403
1.70415
1.70427
1.70439
1.70451
1.70462
1.70474
1.70486
1.70498
1.7051
1.70522
1.70534
1.70546
1.70558
1.7057
1.70582
1.70594
1.70606
1.70618
1.70629
1.70641
1.70653
1.70665
1.70677
1.70689
1.70701
1.70713
1.70725
1.70737
1.70749
1.70761
1.70773
1.70785
1.70797
1.70809
1.70821
1.70833
1.70845
1.70857
1.70869
1.70881
1.70893
1.70905
1.70917
1.70929
1.70941
1.70953
1.70965
1.70977
1.70989
1.71001
1.71013
1.71025
1.71037
1.71049
1.71061
1.71073
1.71085
1.71097
1.71109
1.71121
1.71133
1.71145
1.71157
1.71169
1.71181
1.71193
1.71205
1.71217
1.71229
1.71241
1.71253
1.71265
1.71278
1.7129
1.71302
1.71314
1.71326
1.71338
1.7135
1.71362
1.71374
1.71386
1.71398
1.7141
1.71422
1.71434
1.71447
1.71459
1.71471
1.71483
1.71495
1.71507
1.71519
1.71531
1.71543
1.71555
1.71568
1.7158
1.71592
1.71604
1.71616
1.71628
1.7164
1.71652
1.71664
1.71677
1.71689
1.71701
1.71713
1.71725
1.71737
1.71749
1.71762
1.71774
1.71786
1.71798
1.7181
1.71822
1.71834
1.71847
1.71859
1.71871
1.71883
1.71895
1.71907
1.7192
1.71932
1.71944
1.71956
1.71968
1.7198
1.71993
1.72005
1.72017
1.72029
1.72041
1.72054
1.72066
1.72078
1.7209
1.72102
1.72115
1.72127
1.72139
1.72151
1.72163
1.72176
1.72188
1.722
1.72212
1.72225
1.72237
1.72249
1.72261
1.72273
1.72286
1.72298
1.7231
1.72322
1.72335
1.72347
1.72359
1.72371
1.72384
1.72396
1.72408
1.7242
1.72433
1.72445
1.72457
1.72469
1.72482
1.72494
1.72506
1.72519
1.72531
1.72543
1.72555
1.72568
1.7258
1.72592
1.72604
1.72617
1.72629
1.72641
1.72654
1.72666
1.72678
1.72691
1.72703
1.72715
1.72728
1.7274
1.72752
1.72764
1.72777
1.72789
1.72801
1.72814
1.72826
1.72838
1.72851
1.72863
1.72875
1.72888
1.729
1.72912
1.72925
1.72937
1.72949
1.72962
1.72974
1.72987
1.72999
1.73011
1.73024
1.73036
1.73048
1.73061
1.73073
1.73085
1.73098
1.7311
1.73123
1.73135
1.73147
1.7316
1.73172
1.73185
1.73197
1.73209
1.73222
1.73234
1.73247
1.73259
1.73271
1.73284
1.73296
1.73309
1.73321
1.73333
1.73346
1.73358
1.73371
1.73383
1.73396
1.73408
1.7342
1.73433
1.73445
1.73458
1.7347
1.73483
1.73495
1.73508
1.7352
1.73532
1.73545
1.73557
1.7357
1.73582
1.73595
1.73607
1.7362
1.73632
1.73645
1.73657
1.7367
1.73682
1.73694
1.73707
1.73719
1.73732
1.73744
1.73757
1.73769
1.73782
1.73794
1.73807
1.73819
1.73832
1.73844
1.73857
1.73869
1.73882
1.73895
1.73907
1.7392
1.73932
1.73945
1.73957
1.7397
1.73982
1.73995
1.74007
1.7402
1.74032
1.74045
1.74057
1.7407
1.74083
1.74095
1.74108
1.7412
1.74133
1.74145
1.74158
1.7417
1.74183
1.74196
1.74208
1.74221
1.74233
1.74246
1.74258
1.74271
1.74284
1.74296
1.74309
1.74321
1.74334
1.74347
1.74359
1.74372
1.74384
1.74397
1.7441
1.74422
1.74435
1.74447
1.7446
1.74473
1.74485
1.74498
1.74511
1.74523
1.74536
1.74548
1.74561
1.74574
1.74586
1.74599
1.74612
1.74624
1.74637
1.7465
1.74662
1.74675
1.74688
1.747
1.74713
1.74726
1.74738
1.74751
1.74764
1.74776
1.74789
1.74802
1.74814
1.74827
1.7484
1.74852
1.74865
1.74878
1.7489
1.74903
1.74916
1.74928
1.74941
1.74954
1.74967
1.74979
1.74992
1.75005
1.75017
1.7503
1.75043
1.75056
1.75068
1.75081
1.75094
1.75106
1.75119
1.75132
1.75145
1.75157
1.7517
1.75183
1.75196
1.75208
1.75221
1.75234
1.75247
1.75259
1.75272
1.75285
1.75298
1.75311
1.75323
1.75336
1.75349
1.75362
1.75374
1.75387
1.754
1.75413
1.75426
1.75438
1.75451
1.75464
1.75477
1.75489
1.75502
1.75515
1.75528
1.75541
1.75554
1.75566
1.75579
1.75592
1.75605
1.75618
1.7563
1.75643
1.75656
1.75669
1.75682
1.75695
1.75707
1.7572
1.75733
1.75746
1.75759
1.75772
1.75785
1.75797
1.7581
1.75823
1.75836
1.75849
1.75862
1.75875
1.75887
1.759
1.75913
1.75926
1.75939
1.75952
1.75965
1.75978
1.7599
1.76003
1.76016
1.76029
1.76042
1.76055
1.76068
1.76081
1.76094
1.76107
1.76119
1.76132
1.76145
1.76158
1.76171
1.76184
1.76197
1.7621
1.76223
1.76236
1.76249
1.76262
1.76275
1.76288
1.763
1.76313
1.76326
1.76339
1.76352
1.76365
1.76378
1.76391
1.76404
1.76417
1.7643
1.76443
1.76456
1.76469
1.76482
1.76495
1.76508
1.76521
1.76534
1.76547
1.7656
1.76573
1.76586
1.76599
1.76612
1.76625
1.76638
1.76651
1.76664
1.76677
1.7669
1.76703
1.76716
1.76729
1.76742
1.76755
1.76768
1.76781
1.76794
1.76807
1.7682
1.76833
1.76846
1.76859
1.76872
1.76885
1.76898
1.76911
1.76925
1.76938
1.76951
1.76964
1.76977
1.7699
1.77003
1.77016
1.77029
1.77042
1.77055
1.77068
1.77081
1.77094
1.77108
1.77121
1.77134
1.77147
1.7716
1.77173
1.77186
1.77199
1.77212
1.77225
1.77239
1.77252
1.77265
1.77278
1.77291
1.77304
1.77317
1.7733
1.77344
1.77357
1.7737
1.77383
1.77396
1.77409
1.77422
1.77436
1.77449
1.77462
1.77475
1.77488
1.77501
1.77514
1.77528
1.77541
1.77554
1.77567
1.7758
1.77593
1.77607
1.7762
1.77633
1.77646
1.77659
1.77673
1.77686
1.77699
1.77712
1.77725
1.77739
1.77752
1.77765
1.77778
1.77791
1.77805
1.77818
1.77831
1.77844
1.77857
1.77871
1.77884
1.77897
1.7791
1.77924
1.77937
1.7795
1.77963
1.77977
1.7799
1.78003
1.78016
1.7803
1.78043
1.78056
1.78069
1.78083
1.78096
1.78109
1.78122
1.78136
1.78149
1.78162
1.78176
1.78189
1.78202
1.78215
1.78229
1.78242
1.78255
1.78269
1.78282
1.78295
1.78308
1.78322
1.78335
1.78348
1.78362
1.78375
1.78388
1.78402
1.78415
1.78428
1.78442
1.78455
1.78468
1.78482
1.78495
1.78508
1.78522
1.78535
1.78548
1.78562
1.78575
1.78588
1.78602
1.78615
1.78629
1.78642
1.78655
1.78669
1.78682
1.78695
1.78709
1.78722
1.78735
1.78749
1.78762
1.78776
1.78789
1.78802
1.78816
1.78829
1.78843
1.78856
1.78869
1.78883
1.78896
1.7891
1.78923
1.78936
1.7895
1.78963
1.78977
1.7899
1.79004
1.79017
1.7903
1.79044
1.79057
1.79071
1.79084
1.79098
1.79111
1.79125
1.79138
1.79152
1.79165
1.79178
1.79192
1.79205
1.79219
1.79232
1.79246
1.79259
1.79273
1.79286
1.793
1.79313
1.79327
1.7934
1.79354
1.79367
1.79381
1.79394
1.79408
1.79421
1.79435
1.79448
1.79462
1.79475
1.79489
1.79502
1.79516
1.79529
1.79543
1.79556
1.7957
1.79583
1.79597
1.7961
1.79624
1.79638
1.79651
1.79665
1.79678
1.79692
1.79705
1.79719
1.79732
1.79746
1.7976
1.79773
1.79787
1.798
1.79814
1.79827
1.79841
1.79855
1.79868
1.79882
1.79895
1.79909
1.79923
1.79936
1.7995
1.79963
1.79977
1.79991
1.80004
1.80018
1.80031
1.80045
1.80059
1.80072
1.80086
1.801
1.80113
1.80127
1.8014
1.80154
1.80168
1.80181
1.80195
1.80209
1.80222
1.80236
1.8025
1.80263
1.80277
1.80291
1.80304
1.80318
1.80332
1.80345
1.80359
1.80373
1.80386
1.804
1.80414
1.80427
1.80441
1.80455
1.80468
1.80482
1.80496
1.80509
1.80523
1.80537
1.80551
1.80564
1.80578
1.80592
1.80605
1.80619
1.80633
1.80647
1.8066
1.80674
1.80688
1.80702
1.80715
1.80729
1.80743
1.80757
1.8077
1.80784
1.80798
1.80812
1.80825
1.80839
1.80853
1.80867
1.8088
1.80894
1.80908
1.80922
1.80935
1.80949
1.80963
1.80977
1.80991
1.81004
1.81018
1.81032
1.81046
1.8106
1.81073
1.81087
1.81101
1.81115
1.81129
1.81142
1.81156
1.8117
1.81184
1.81198
1.81212
1.81225
1.81239
1.81253
1.81267
1.81281
1.81295
1.81308
1.81322
1.81336
1.8135
1.81364
1.81378
1.81392
1.81405
1.81419
1.81433
1.81447
1.81461
1.81475
1.81489
1.81503
1.81516
1.8153
1.81544
1.81558
1.81572
1.81586
1.816
1.81614
1.81628
1.81642
1.81655
1.81669
1.81683
1.81697
1.81711
1.81725
1.81739
1.81753
1.81767
1.81781
1.81795
1.81809
1.81823
1.81837
1.81851
1.81864
1.81878
1.81892
1.81906
1.8192
1.81934
1.81948
1.81962
1.81976
1.8199
1.82004
1.82018
1.82032
1.82046
1.8206
1.82074
1.82088
1.82102
1.82116
1.8213
1.82144
1.82158
1.82172
1.82186
1.822
1.82214
1.82228
1.82242
1.82256
1.8227
1.82284
1.82298
1.82312
1.82326
1.8234
1.82354
1.82368
1.82382
1.82396
1.8241
1.82425
1.82439
1.82453
1.82467
1.82481
1.82495
1.82509
1.82523
1.82537
1.82551
1.82565
1.82579
1.82593
1.82607
1.82622
1.82636
1.8265
1.82664
1.82678
1.82692
1.82706
1.8272
1.82734
1.82748
1.82763
1.82777
1.82791
1.82805
1.82819
1.82833
1.82847
1.82861
1.82876
1.8289
1.82904
1.82918
1.82932
1.82946
1.8296
1.82975
1.82989
1.83003
1.83017
1.83031
1.83045
1.8306
1.83074
1.83088
1.83102
1.83116
1.8313
1.83145
1.83159
1.83173
1.83187
1.83201
1.83216
1.8323
1.83244
1.83258
1.83272
1.83287
1.83301
1.83315
1.83329
1.83343
1.83358
1.83372
1.83386
1.834
1.83415
1.83429
1.83443
1.83457
1.83472
1.83486
1.835
1.83514
1.83529
1.83543
1.83557
1.83571
1.83586
1.836
1.83614
1.83628
1.83643
1.83657
1.83671
1.83685
1.837
1.83714
1.83728
1.83743
1.83757
1.83771
1.83786
1.838
1.83814
1.83828
1.83843
1.83857
1.83871
1.83886
1.839
1.83914
1.83929
1.83943
1.83957
1.83972
1.83986
1.84
1.84015
1.84029
1.84043
1.84058
1.84072
1.84086
1.84101
1.84115
1.8413
1.84144
1.84158
1.84173
1.84187
1.84201
1.84216
1.8423
1.84245
1.84259
1.84273
1.84288
1.84302
1.84317
1.84331
1.84345
1.8436
1.84374
1.84389
1.84403
1.84417
1.84432
1.84446
1.84461
1.84475
1.8449
1.84504
1.84518
1.84533
1.84547
1.84562
1.84576
1.84591
1.84605
1.8462
1.84634
1.84648
1.84663
1.84677
1.84692
1.84706
1.84721
1.84735
1.8475
1.84764
1.84779
1.84793
1.84808
1.84822
1.84837
1.84851
1.84866
1.8488
1.84895
1.84909
1.84924
1.84938
1.84953
1.84967
1.84982
1.84996
1.85011
1.85025
1.8504
1.85054
1.85069
1.85084
1.85098
1.85113
1.85127
1.85142
1.85156
1.85171
1.85185
1.852
1.85215
1.85229
1.85244
1.85258
1.85273
1.85287
1.85302
1.85317
1.85331
1.85346
1.8536
1.85375
1.8539
1.85404
1.85419
1.85433
1.85448
1.85463
1.85477
1.85492
1.85506
1.85521
1.85536
1.8555
1.85565
1.8558
1.85594
1.85609
1.85623
1.85638
1.85653
1.85667
1.85682
1.85697
1.85711
1.85726
1.85741
1.85755
1.8577
1.85785
1.85799
1.85814
1.85829
1.85843
1.85858
1.85873
1.85887
1.85902
1.85917
1.85932
1.85946
1.85961
1.85976
1.8599
1.86005
1.8602
1.86035
1.86049
1.86064
1.86079
1.86093
1.86108
1.86123
1.86138
1.86152
1.86167
1.86182
1.86197
1.86211
1.86226
1.86241
1.86256
1.8627
1.86285
1.863
1.86315
1.86329
1.86344
1.86359
1.86374
1.86389
1.86403
1.86418
1.86433
1.86448
1.86463
1.86477
1.86492
1.86507
1.86522
1.86537
1.86551
1.86566
1.86581
1.86596
1.86611
1.86626
1.8664
1.86655
1.8667
1.86685
1.867
1.86715
1.86729
1.86744
1.86759
1.86774
1.86789
1.86804
1.86819
1.86833
1.86848
1.86863
1.86878
1.86893
1.86908
1.86923
1.86938
1.86952
1.86967
1.86982
1.86997
1.87012
1.87027
1.87042
1.87057
1.87072
1.87087
1.87101
1.87116
1.87131
1.87146
1.87161
1.87176
1.87191
1.87206
1.87221
1.87236
1.87251
1.87266
1.87281
1.87296
1.87311
1.87326
1.87341
1.87355
1.8737
1.87385
1.874
1.87415
1.8743
1.87445
1.8746
1.87475
1.8749
1.87505
1.8752
1.87535
1.8755
1.87565
1.8758
1.87595
1.8761
1.87625
1.8764
1.87655
1.8767
1.87685
1.877
1.87715
1.8773
1.87746
1.87761
1.87776
1.87791
1.87806
1.87821
1.87836
1.87851
1.87866
1.87881
1.87896
1.87911
1.87926
1.87941
1.87956
1.87971
1.87987
1.88002
1.88017
1.88032
1.88047
1.88062
1.88077
1.88092
1.88107
1.88122
1.88137
1.88153
1.88168
1.88183
1.88198
1.88213
1.88228
1.88243
1.88258
1.88274
1.88289
1.88304
1.88319
1.88334
1.88349
1.88365
1.8838
1.88395
1.8841
1.88425
1.8844
1.88455
1.88471
1.88486
1.88501
1.88516
1.88531
1.88547
1.88562
1.88577
1.88592
1.88607
1.88623
1.88638
1.88653
1.88668
1.88683
1.88699
1.88714
1.88729
1.88744
1.88759
1.88775
1.8879
1.88805
1.8882
1.88836
1.88851
1.88866
1.88881
1.88897
1.88912
1.88927
1.88942
1.88958
1.88973
1.88988
1.89004
1.89019
1.89034
1.89049
1.89065
1.8908
1.89095
1.89111
1.89126
1.89141
1.89156
1.89172
1.89187
1.89202
1.89218
1.89233
1.89248
1.89264
1.89279
1.89294
1.8931
1.89325
1.8934
1.89356
1.89371
1.89386
1.89402
1.89417
1.89432
1.89448
1.89463
1.89478
1.89494
1.89509
1.89525
1.8954
1.89555
1.89571
1.89586
1.89601
1.89617
1.89632
1.89648
1.89663
1.89678
1.89694
1.89709
1.89725
1.8974
1.89755
1.89771
1.89786
1.89802
1.89817
1.89833
1.89848
1.89863
1.89879
1.89894
1.8991
1.89925
1.89941
1.89956
1.89972
1.89987
1.90003
1.90018
1.90033
1.90049
1.90064
1.9008
1.90095
1.90111
1.90126
1.90142
1.90157
1.90173
1.90188
1.90204
1.90219
1.90235
1.9025
1.90266
1.90281
1.90297
1.90312
1.90328
1.90343
1.90359
1.90374
1.9039
1.90406
1.90421
1.90437
1.90452
1.90468
1.90483
1.90499
1.90514
1.9053
1.90546
1.90561
1.90577
1.90592
1.90608
1.90623
1.90639
1.90655
1.9067
1.90686
1.90701
1.90717
1.90733
1.90748
1.90764
1.90779
1.90795
1.90811
1.90826
1.90842
1.90857
1.90873
1.90889
1.90904
1.9092
1.90936
1.90951
1.90967
1.90983
1.90998
1.91014
1.9103
1.91045
1.91061
1.91077
1.91092
1.91108
1.91124
1.91139
1.91155
1.91171
1.91186
1.91202
1.91218
1.91233
1.91249
1.91265
1.9128
1.91296
1.91312
1.91328
1.91343
1.91359
1.91375
1.9139
1.91406
1.91422
1.91438
1.91453
1.91469
1.91485
1.91501
1.91516
1.91532
1.91548
1.91564
1.91579
1.91595
1.91611
1.91627
1.91642
1.91658
1.91674
1.9169
1.91706
1.91721
1.91737
1.91753
1.91769
1.91785
1.918
1.91816
1.91832
1.91848
1.91864
1.91879
1.91895
1.91911
1.91927
1.91943
1.91959
1.91974
1.9199
1.92006
1.92022
1.92038
1.92054
1.92069
1.92085
1.92101
1.92117
1.92133
1.92149
1.92165
1.92181
1.92196
1.92212
1.92228
1.92244
1.9226
1.92276
1.92292
1.92308
1.92324
1.92339
1.92355
1.92371
1.92387
1.92403
1.92419
1.92435
1.92451
1.92467
1.92483
1.92499
1.92515
1.92531
1.92547
1.92562
1.92578
1.92594
1.9261
1.92626
1.92642
1.92658
1.92674
1.9269
1.92706
1.92722
1.92738
1.92754
1.9277
1.92786
1.92802
1.92818
1.92834
1.9285
1.92866
1.92882
1.92898
1.92914
1.9293
1.92946
1.92962
1.92978
1.92994
1.9301
1.93026
1.93042
1.93058
1.93074
1.93091
1.93107
1.93123
1.93139
1.93155
1.93171
1.93187
1.93203
1.93219
1.93235
1.93251
1.93267
1.93283
1.93299
1.93316
1.93332
1.93348
1.93364
1.9338
1.93396
1.93412
1.93428
1.93444
1.93461
1.93477
1.93493
1.93509
1.93525
1.93541
1.93557
1.93573
1.9359
1.93606
1.93622
1.93638
1.93654
1.9367
1.93687
1.93703
1.93719
1.93735
1.93751
1.93767
1.93784
1.938
1.93816
1.93832
1.93848
1.93865
1.93881
1.93897
1.93913
1.93929
1.93946
1.93962
1.93978
1.93994
1.94011
1.94027
1.94043
1.94059
1.94075
1.94092
1.94108
1.94124
1.9414
1.94157
1.94173
1.94189
1.94205
1.94222
1.94238
1.94254
1.94271
1.94287
1.94303
1.94319
1.94336
1.94352
1.94368
1.94385
1.94401
1.94417
1.94434
1.9445
1.94466
1.94482
1.94499
1.94515
1.94531
1.94548
1.94564
1.9458
1.94597
1.94613
1.94629
1.94646
1.94662
1.94679
1.94695
1.94711
1.94728
1.94744
1.9476
1.94777
1.94793
1.94809
1.94826
1.94842
1.94859
1.94875
1.94891
1.94908
1.94924
1.94941
1.94957
1.94973
1.9499
1.95006
1.95023
1.95039
1.95056
1.95072
1.95088
1.95105
1.95121
1.95138
1.95154
1.95171
1.95187
1.95204
1.9522
1.95236
1.95253
1.95269
1.95286
1.95302
1.95319
1.95335
1.95352
1.95368
1.95385
1.95401
1.95418
1.95434
1.95451
1.95467
1.95484
1.955
1.95517
1.95533
1.9555
1.95566
1.95583
1.95599
1.95616
1.95633
1.95649
1.95666
1.95682
1.95699
1.95715
1.95732
1.95748
1.95765
1.95782
1.95798
1.95815
1.95831
1.95848
1.95864
1.95881
1.95898
1.95914
1.95931
1.95947
1.95964
1.95981
1.95997
1.96014
1.9603
1.96047
1.96064
1.9608
1.96097
1.96114
1.9613
1.96147
1.96164
1.9618
1.96197
1.96214
1.9623
1.96247
1.96263
1.9628
1.96297
1.96313
1.9633
1.96347
1.96364
1.9638
1.96397
1.96414
1.9643
1.96447
1.96464
1.9648
1.96497
1.96514
1.96531
1.96547
1.96564
1.96581
1.96597
1.96614
1.96631
1.96648
1.96664
1.96681
1.96698
1.96715
1.96731
1.96748
1.96765
1.96782
1.96798
1.96815
1.96832
1.96849
1.96865
1.96882
1.96899
1.96916
1.96933
1.96949
1.96966
1.96983
1.97
1.97017
1.97033
1.9705
1.97067
1.97084
1.97101
1.97118
1.97134
1.97151
1.97168
1.97185
1.97202
1.97219
1.97235
1.97252
1.97269
1.97286
1.97303
1.9732
1.97337
1.97354
1.9737
1.97387
1.97404
1.97421
1.97438
1.97455
1.97472
1.97489
1.97506
1.97522
1.97539
1.97556
1.97573
1.9759
1.97607
1.97624
1.97641
1.97658
1.97675
1.97692
1.97709
1.97726
1.97743
1.9776
1.97776
1.97793
1.9781
1.97827
1.97844
1.97861
1.97878
1.97895
1.97912
1.97929
1.97946
1.97963
1.9798
1.97997
1.98014
1.98031
1.98048
1.98065
1.98082
1.98099
1.98116
1.98133
1.9815
1.98167
1.98184
1.98201
1.98219
1.98236
1.98253
1.9827
1.98287
1.98304
1.98321
1.98338
1.98355
1.98372
1.98389
1.98406
1.98423
1.9844
1.98458
1.98475
1.98492
1.98509
1.98526
1.98543
1.9856
1.98577
1.98594
1.98611
1.98629
1.98646
1.98663
1.9868
1.98697
1.98714
1.98731
1.98749
1.98766
1.98783
1.988
1.98817
1.98834
1.98852
1.98869
1.98886
1.98903
1.9892
1.98937
1.98955
1.98972
1.98989
1.99006
1.99023
1.99041
1.99058
1.99075
1.99092
1.99109
1.99127
1.99144
1.99161
1.99178
1.99196
1.99213
1.9923
1.99247
1.99265
1.99282
1.99299
1.99316
1.99334
1.99351
1.99368
1.99385
1.99403
1.9942
1.99437
1.99455
1.99472
1.99489
1.99506
1.99524
1.99541
1.99558
1.99576
1.99593
1.9961
1.99628
1.99645
1.99662
1.9968
1.99697
1.99714
1.99732
1.99749
1.99766
1.99784
1.99801
1.99818
1.99836
1.99853
1.9987
1.99888
1.99905
1.99923
1.9994
1.99957
1.99975
1.99992
2.0001
2.00027
2.00044
2.00062
2.00079
2.00097
2.00114
2.00131
2.00149
2.00166
2.00184
2.00201
2.00219
2.00236
2.00253
2.00271
2.00288
2.00306
2.00323
2.00341
2.00358
2.00376
2.00393
2.00411
2.00428
2.00446
2.00463
2.0048
2.00498
2.00515
2.00533
2.0055
2.00568
2.00586
2.00603
2.00621
2.00638
2.00656
2.00673
2.00691
2.00708
2.00726
2.00743
2.00761
2.00778
2.00796
2.00813
2.00831
2.00849
2.00866
2.00884
2.00901
2.00919
2.00936
2.00954
2.00972
2.00989
2.01007
2.01024
2.01042
2.0106
2.01077
2.01095
2.01112
2.0113
2.01148
2.01165
2.01183
2.01201
2.01218
2.01236
2.01253
2.01271
2.01289
2.01306
2.01324
2.01342
2.01359
2.01377
2.01395
2.01412
2.0143
2.01448
2.01465
2.01483
2.01501
2.01519
2.01536
2.01554
2.01572
2.01589
2.01607
2.01625
2.01642
2.0166
2.01678
2.01696
2.01713
2.01731
2.01749
2.01767
2.01784
2.01802
2.0182
2.01838
2.01855
2.01873
2.01891
2.01909
2.01926
2.01944
2.01962
2.0198
2.01998
2.02015
2.02033
2.02051
2.02069
2.02087
2.02104
2.02122
2.0214
2.02158
2.02176
2.02194
2.02211
2.02229
2.02247
2.02265
2.02283
2.02301
2.02318
2.02336
2.02354
2.02372
2.0239
2.02408
2.02426
2.02444
2.02461
2.02479
2.02497
2.02515
2.02533
2.02551
2.02569
2.02587
2.02605
2.02623
2.0264
2.02658
2.02676
2.02694
2.02712
2.0273
2.02748
2.02766
2.02784
2.02802
2.0282
2.02838
2.02856
2.02874
2.02892
2.0291
2.02928
2.02946
2.02964
2.02982
2.03
2.03018
2.03036
2.03054
2.03072
2.0309
2.03108
2.03126
2.03144
2.03162
2.0318
2.03198
2.03216
2.03234
2.03252
2.0327
2.03288
2.03306
2.03324
2.03342
2.0336
2.03378
2.03396
2.03414
2.03432
2.0345
2.03469
2.03487
2.03505
2.03523
2.03541
2.03559
2.03577
2.03595
2.03613
2.03631
2.0365
2.03668
2.03686
2.03704
2.03722
2.0374
2.03758
2.03777
2.03795
2.03813
2.03831
2.03849
2.03867
2.03885
2.03904
2.03922
2.0394
2.03958
2.03976
2.03995
2.04013
2.04031
2.04049
2.04067
2.04086
2.04104
2.04122
2.0414
2.04158
2.04177
2.04195
2.04213
2.04231
2.0425
2.04268
2.04286
2.04304
2.04323
2.04341
2.04359
2.04377
2.04396
2.04414
2.04432
2.0445
2.04469
2.04487
2.04505
2.04524
2.04542
2.0456
2.04579
2.04597
2.04615
2.04633
2.04652
2.0467
2.04688
2.04707
2.04725
2.04743
2.04762
2.0478
2.04798
2.04817
2.04835
2.04854
2.04872
2.0489
2.04909
2.04927
2.04945
2.04964
2.04982
2.05001
2.05019
2.05037
2.05056
2.05074
2.05093
2.05111
2.05129
2.05148
2.05166
2.05185
2.05203
2.05222
2.0524
2.05258
2.05277
2.05295
2.05314
2.05332
2.05351
2.05369
2.05388
2.05406
2.05425
2.05443
2.05462
2.0548
2.05499
2.05517
2.05536
2.05554
2.05573
2.05591
2.0561
2.05628
2.05647
2.05665
2.05684
2.05702
2.05721
2.05739
2.05758
2.05776
2.05795
2.05814
2.05832
2.05851
2.05869
2.05888
2.05906
2.05925
2.05944
2.05962
2.05981
2.05999
2.06018
2.06036
2.06055
2.06074
2.06092
2.06111
2.0613
2.06148
2.06167
2.06185
2.06204
2.06223
2.06241
2.0626
2.06279
2.06297
2.06316
2.06335
2.06353
2.06372
2.06391
2.06409
2.06428
2.06447
2.06465
2.06484
2.06503
2.06521
2.0654
2.06559
2.06578
2.06596
2.06615
2.06634
2.06652
2.06671
2.0669
2.06709
2.06727
2.06746
2.06765
2.06784
2.06802
2.06821
2.0684
2.06859
2.06877
2.06896
2.06915
2.06934
2.06953
2.06971
2.0699
2.07009
2.07028
2.07047
2.07065
2.07084
2.07103
2.07122
2.07141
2.07159
2.07178
2.07197
2.07216
2.07235
2.07254
2.07273
2.07291
2.0731
2.07329
2.07348
2.07367
2.07386
2.07405
2.07423
2.07442
2.07461
2.0748
2.07499
2.07518
2.07537
2.07556
2.07575
2.07594
2.07612
2.07631
2.0765
2.07669
2.07688
2.07707
2.07726
2.07745
2.07764
2.07783
2.07802
2.07821
2.0784
2.07859
2.07878
2.07897
2.07916
2.07935
2.07954
2.07973
2.07992
2.08011
2.0803
2.08049
2.08068
2.08087
2.08106
2.08125
2.08144
2.08163
2.08182
2.08201
2.0822
2.08239
2.08258
2.08277
2.08296
2.08315
2.08334
2.08353
2.08372
2.08392
2.08411
2.0843
2.08449
2.08468
2.08487
2.08506
2.08525
2.08544
2.08563
2.08583
2.08602
2.08621
2.0864
2.08659
2.08678
2.08697
2.08717
2.08736
2.08755
2.08774
2.08793
2.08812
2.08832
2.08851
2.0887
2.08889
2.08908
2.08927
2.08947
2.08966
2.08985
2.09004
2.09023
2.09043
2.09062
2.09081
2.091
2.0912
2.09139
2.09158
2.09177
2.09196
2.09216
2.09235
2.09254
2.09273
2.09293
2.09312
2.09331
2.09351
2.0937
2.09389
2.09408
2.09428
2.09447
2.09466
2.09486
2.09505
2.09524
2.09544
2.09563
2.09582
2.09601
2.09621
2.0964
2.0966
2.09679
2.09698
2.09718
2.09737
2.09756
2.09776
2.09795
2.09814
2.09834
2.09853
2.09873
2.09892
2.09911
2.09931
2.0995
2.09969
2.09989
2.10008
2.10028
2.10047
2.10067
2.10086
2.10105
2.10125
2.10144
2.10164
2.10183
2.10203
2.10222
2.10242
2.10261
2.1028
2.103
2.10319
2.10339
2.10358
2.10378
2.10397
2.10417
2.10436
2.10456
2.10475
2.10495
2.10514
2.10534
2.10553
2.10573
2.10593
2.10612
2.10632
2.10651
2.10671
2.1069
2.1071
2.10729
2.10749
2.10768
2.10788
2.10808
2.10827
2.10847
2.10866
2.10886
2.10906
2.10925
2.10945
2.10964
2.10984
2.11004
2.11023
2.11043
2.11063
2.11082
2.11102
2.11121
2.11141
2.11161
2.1118
2.112
2.1122
2.11239
2.11259
2.11279
2.11298
2.11318
2.11338
2.11357
2.11377
2.11397
2.11417
2.11436
2.11456
2.11476
2.11495
2.11515
2.11535
2.11555
2.11574
2.11594
2.11614
2.11633
2.11653
2.11673
2.11693
2.11713
2.11732
2.11752
2.11772
2.11792
2.11811
2.11831
2.11851
2.11871
2.11891
2.1191
2.1193
2.1195
2.1197
2.1199
2.12009
2.12029
2.12049
2.12069
2.12089
2.12109
2.12128
2.12148
2.12168
2.12188
2.12208
2.12228
2.12248
2.12268
2.12287
2.12307
2.12327
2.12347
2.12367
2.12387
2.12407
2.12427
2.12447
2.12467
2.12486
2.12506
2.12526
2.12546
2.12566
2.12586
2.12606
2.12626
2.12646
2.12666
2.12686
2.12706
2.12726
2.12746
2.12766
2.12786
2.12806
2.12826
2.12846
2.12866
2.12886
2.12906
2.12926
2.12946
2.12966
2.12986
2.13006
2.13026
2.13046
2.13066
2.13086
2.13106
2.13126
2.13146
2.13166
2.13186
2.13207
2.13227
2.13247
2.13267
2.13287
2.13307
2.13327
2.13347
2.13367
2.13387
2.13407
2.13428
2.13448
2.13468
2.13488
2.13508
2.13528
2.13548
2.13569
2.13589
2.13609
2.13629
2.13649
2.13669
2.1369
2.1371
2.1373
2.1375
2.1377
2.1379
2.13811
2.13831
2.13851
2.13871
2.13892
2.13912
2.13932
2.13952
2.13972
2.13993
2.14013
2.14033
2.14053
2.14074
2.14094
2.14114
2.14134
2.14155
2.14175
2.14195
2.14216
2.14236
2.14256
2.14276
2.14297
2.14317
2.14337
2.14358
2.14378
2.14398
2.14419
2.14439
2.14459
2.1448
2.145
2.1452
2.14541
2.14561
2.14581
2.14602
2.14622
2.14643
2.14663
2.14683
2.14704
2.14724
2.14744
2.14765
2.14785
2.14806
2.14826
2.14847
2.14867
2.14887
2.14908
2.14928
2.14949
2.14969
2.1499
2.1501
2.1503
2.15051
2.15071
2.15092
2.15112
2.15133
2.15153
2.15174
2.15194
2.15215
2.15235
2.15256
2.15276
2.15297
2.15317
2.15338
2.15358
2.15379
2.15399
2.1542
2.1544
2.15461
2.15482
2.15502
2.15523
2.15543
2.15564
2.15584
2.15605
2.15626
2.15646
2.15667
2.15687
2.15708
2.15728
2.15749
2.1577
2.1579
2.15811
2.15832
2.15852
2.15873
2.15893
2.15914
2.15935
2.15955
2.15976
2.15997
2.16017
2.16038
2.16059
2.16079
2.161
2.16121
2.16141
2.16162
2.16183
2.16204
2.16224
2.16245
2.16266
2.16286
2.16307
2.16328
2.16349
2.16369
2.1639
2.16411
2.16432
2.16452
2.16473
2.16494
2.16515
2.16535
2.16556
2.16577
2.16598
2.16619
2.16639
2.1666
2.16681
2.16702
2.16723
2.16743
2.16764
2.16785
2.16806
2.16827
2.16848
2.16868
2.16889
2.1691
2.16931
2.16952
2.16973
2.16994
2.17014
2.17035
2.17056
2.17077
2.17098
2.17119
2.1714
2.17161
2.17182
2.17202
2.17223
2.17244
2.17265
2.17286
2.17307
2.17328
2.17349
2.1737
2.17391
2.17412
2.17433
2.17454
2.17475
2.17496
2.17517
2.17538
2.17559
2.1758
2.17601
2.17622
2.17643
2.17664
2.17685
2.17706
2.17727
2.17748
2.17769
2.1779
2.17811
2.17832
2.17853
2.17874
2.17895
2.17916
2.17937
2.17958
2.17979
2.18
2.18022
2.18043
2.18064
2.18085
2.18106
2.18127
2.18148
2.18169
2.1819
2.18212
2.18233
2.18254
2.18275
2.18296
2.18317
2.18338
2.1836
2.18381
2.18402
2.18423
2.18444
2.18465
2.18487
2.18508
2.18529
2.1855
2.18571
2.18593
2.18614
2.18635
2.18656
2.18677
2.18699
2.1872
2.18741
2.18762
2.18784
2.18805
2.18826
2.18847
2.18869
2.1889
2.18911
2.18933
2.18954
2.18975
2.18996
2.19018
2.19039
2.1906
2.19082
2.19103
2.19124
2.19146
2.19167
2.19188
2.1921
2.19231
2.19252
2.19274
2.19295
2.19316
2.19338
2.19359
2.19381
2.19402
2.19423
2.19445
2.19466
2.19487
2.19509
2.1953
2.19552
2.19573
2.19595
2.19616
2.19637
2.19659
2.1968
2.19702
2.19723
2.19745
2.19766
2.19788
2.19809
2.19831
2.19852
2.19873
2.19895
2.19916
2.19938
2.19959
2.19981
