0
63.59874
-14.13051
42.3839
21.18813
28.24576
7.06017
-56.47119
35.28815
28.22544
28.22036
7.05382
84.63063
84.61541
21.15005
-42.29249
7.04748
35.23108
-63.40453
7.04368
84.509
42.24691
63.35897
21.11586
-7.03736
35.18047
28.13932
56.26853
21.09691
77.34145
56.23822
-21.08555
21.08176
-21.07798
-21.0742
14.04695
-56.1777
21.06286
28.07877
35.09217
56.1374
14.03183
21.04398
-7.0134
49.08501
49.07621
98.13482
77.09211
7.00712
14.01172
126.08292
35.01676
21.00629
0
-20.99877
13.99667
0
-20.98749
20.98373
-34.96663
-13.98415
6.99082
76.88528
27.95328
-20.96121
34.9291
34.92285
0
-20.94622
13.96165
125.63236
41.86997
34.8854
0
0
6.97334
6.97209
-41.82508
-41.81761
34.84178
6.96711
20.8976
-34.82311
76.59717
13.92427
27.84357
41.7579
-27.83363
62.61448
111.29477
-13.90936
-27.81376
34.761
69.50959
55.59775
62.53631
41.68344
13.892
20.83429
27.7741
62.48057
13.8821
69.39811
48.57002
27.74935
-6.9361
0
55.46903
55.45915
-13.86232
55.43939
69.2869
-34.63728
-13.85244
55.39991
76.16131
76.14775
13.84258
-48.44041
48.43179
69.17596
48.41455
0
48.39733
27.65069
-6.91144
-69.10215
6.90899
-34.53878
27.62612
20.7159
-34.52037
-20.70854
-41.40971
20.70118
48.29416
-13.79588
20.69014
34.47745
20.68279
20.67912
62.02634
20.67177
75.78304
-6.88814
13.77384
0
20.65343
27.53302
61.93829
55.04649
-20.63877
48.14859
96.28009
103.13894
-6.87471
75.60839
27.48908
27.48421
-13.73967
61.81754
34.33699
61.79563
41.18978
0
48.03772
6.86132
6.8601
41.1533
13.71534
6.85645
6.85524
6.85403
47.96968
61.66438
20.55115
41.09503
20.54388
20.54024
-41.07321
0
-41.05867
47.89331
-34.20345
68.39481
0
-34.18531
-41.01511
27.33857
109.33495
40.99336
13.66204
20.48943
0
102.41094
-6.82619
40.9499
34.11889
40.93543
34.10683
88.66209
0
6.81775
13.6331
0
47.69898
47.69056
34.05867
102.15797
0
74.8894
68.06926
102.08587
115.6769
6.80332
-40.81274
13.60185
-40.79834
-6.79852
-61.17592
27.18451
27.17971
74.73103
6.79253
33.95667
61.11124
0
20.36323
27.14619
47.49746
88.19404
27.13185
-6.78177
88.14744
74.57315
-27.11273
67.7699
6.7758
27.09842
47.41388
13.54444
20.31308
6.76984
33.84322
13.5349
54.13009
-20.29521
13.52776
27.05076
74.37651
-47.32218
67.59123
40.54761
-74.3242
40.53335
47.28059
20.25955
0
101.26214
0
141.71716
-60.72525
47.22245
47.21416
26.97478
60.68259
53.93061
87.62185
6.73896
20.21333
47.15614
-60.61868
-6.73423
6.73305
20.19559
0
47.1065
0
47.08997
-13.45192
-20.17434
0
20.16726
73.93365
40.32037
13.43777
-26.87082
67.16528
67.1535
0
60.41696
-40.27092
26.84257
13.41893
-33.54145
107.31385
33.52971
6.70477
-60.33233
-6.70242
40.20746
13.40014
46.89228
13.39545
53.57241
20.08614
33.47104
53.54428
33.45932
26.76277
13.37904
-26.75341
86.93335
6.68601
6.68484
66.83672
13.36501
6.68133
33.40083
6.679
66.77831
40.05998
46.72847
13.34866
6.67316
6.672
6.67083
-13.33933
100.02748
-46.67133
73.32786
-33.32502
-46.64688
26.6507
126.56873
0
6.65919
0
19.97058
-19.9671
106.4726
26.6135
-73.17436
-39.90632
-39.89936
6.64873
19.94272
39.87848
19.93576
73.08504
59.78642
-6.64178
59.76557
26.55784
33.19151
13.27429
112.81181
33.17416
-6.63368
26.53008
-13.26273
-6.63021
26.51621
86.16267
33.13371
13.25118
-13.24887
46.36296
-19.86638
46.34681
39.71892
19.856
19.85255
33.08182
79.38254
-39.68436
13.22582
79.3411
72.71668
39.65674
13.21661
-19.82147
59.45407
0
-26.41484
26.41025
-19.80424
33.00132
-13.19824
-13.19594
39.58094
-13.19135
6.59453
13.18677
32.96119
13.18218
72.48941
6.5888
59.28891
39.51907
46.09757
-19.75267
85.58004
59.23743
39.48476
19.73895
26.31403
65.77366
6.57622
-39.4505
72.31335
6.5728
46.00162
85.41675
26.27752
6.56824
-45.9697
26.26384
52.51857
-26.25473
-6.56254
26.24562
-45.92187
-13.11826
59.02194
26.22742
91.78006
65.54582
85.1948
-6.55231
-39.30705
52.40031
-19.64671
65.47769
65.46635
13.091
52.35494
91.60526
39.2526
58.8687
71.93817
26.15481
26.15028
58.82793
52.28244
52.2734
52.26435
-6.53191
58.77704
84.88547
-65.28522
58.74653
84.84142
6.52513
-6.524
78.27451
0
0
84.7534
19.55509
71.68961
84.70944
39.08991
13.02772
71.64005
52.09285
-19.53144
65.09355
52.06584
110.6208
71.5658
19.51457
65.03733
39.01566
19.50446
52.00291
25.99696
38.98871
45.47897
12.99175
38.96852
0
32.46256
19.47417
-6.49027
116.80469
84.34438
0
6.48579
84.30073
25.93421
-19.4473
-45.36921
32.40099
45.35356
25.91185
-6.47685
25.90291
45.32228
19.42049
135.91997
-32.35632
6.47015
6.46903
19.40375
51.73443
12.93138
25.8583
-6.46346
38.77408
25.84493
19.38036
58.13107
96.86843
19.37035
12.91134
129.09119
-32.26724
25.80935
51.60981
58.05104
0
45.13527
19.34036
0
38.6674
-32.21729
-25.7694
57.97117
25.76053
0
-6.43792
45.05767
109.40694
83.64974
38.60094
-51.45906
57.88149
12.86034
6.42907
38.56776
-6.42686
44.98026
-25.69859
-6.42354
44.95707
-57.79202
12.84046
57.77216
6.41803
89.83693
-6.41582
-51.31775
0
25.65006
-64.11415
57.69283
-32.04607
25.63245
57.66312
44.84139
89.66739
-19.21114
12.80523
-25.60607
96.00627
-51.19456
-25.59289
83.16261
44.77219
57.55436
83.11982
6.39274
-51.13312
63.90543
19.16834
0
0
102.17859
6.38507
121.29547
-38.29727
31.90892
6.38069
0
-12.75701
25.50964
-6.37632
70.12748
-12.74827
-12.74608
19.11585
6.37086
89.17674
70.05544
-50.94069
6.3665
31.82703
6.36432
82.72194
31.81069
44.52734
31.7998
69.94758
38.14669
12.71339
19.06682
19.06356
-38.12059
95.28518
-31.75629
44.45121
0
44.436
19.04075
19.03749
-57.1027
-6.34366
31.71287
57.07341
-31.70203
95.08984
44.36767
0
0
88.68986
0
44.32978
6.33174
44.31463
-50.63664
-6.3285
-44.29192
56.93704
6.32526
101.18682
37.93858
-56.89815
69.53031
56.87872
63.18779
82.1301
37.89973
18.94663
25.25786
-31.56694
-6.31231
37.86741
69.41173
18.92724
18.92401
6.30693
-6.30585
44.13344
6.3037
44.11839
-25.20621
69.30524
25.19761
31.49164
37.78353
25.18473
62.95108
0
-6.29296
37.75134
-37.7449
50.31796
44.02071
12.5752
37.71918
-6.28546
6.28439
-87.96645
25.12899
62.81178
0
0
-50.22376
50.2152
-6.27583
43.92334
12.54739
43.90839
0
56.43443
-56.42482
50.14686
-25.06916
6.26622
-6.26516
43.84864
31.31513
37.57177
-50.08716
31.29915
75.10519
0
-18.76991
0
12.50902
56.28101
0
-25.00528
50.00205
-18.74758
-24.99253
-6.24707
74.9521
-56.20452
-18.73166
43.69977
-12.48353
43.68492
49.91715
81.10158
37.42514
56.12817
56.11864
81.04649
12.46657
-18.69668
-6.23117
105.9119
74.74865
18.68399
49.81551
-24.90353
6.22483
-56.01392
56.00441
-6.22166
62.20601
87.07362
55.9664
6.21743
-6.21638
12.43065
-31.07135
-18.63965
-31.06081
-31.05555
-24.84022
31.04501
55.87155
62.06897
55.8526
24.81917
-31.0187
-31.01345
31.00819
99.20938
18.59861
-49.58788
43.38204
30.98192
55.75801
80.5257
43.35264
68.11404
18.57341
80.47114
18.56712
0
68.05637
-6.1859
55.66363
12.3676
74.19304
18.54512
6.18066
61.79614
-6.17857
37.06513
6.17648
-12.35086
43.2207
43.21338
37.03378
-6.17125
-24.68083
80.19913
6.16812
30.83538
36.9962
18.49497
43.14763
43.14034
-30.80931
73.92985
6.15978
55.42864
30.78848
43.09658
30.77807
43.08202
24.61413
-36.91496
-12.30291
0
24.5975
67.63168
0
36.87754
49.16175
30.7209
-24.57257
-18.42632
49.12854
12.28006
12.27799
-61.37957
30.6846
6.13588
-12.2697
30.66906
42.92943
42.92218
134.87552
42.9077
30.64318
24.51041
49.01254
67.38087
-6.1245
24.49387
30.61217
24.4856
61.20367
24.47734
-12.23661
-6.11727
61.16239
-18.34562
48.91341
-18.33943
42.78479
30.55541
36.66032
42.76316
48.86394
36.64178
73.2712
24.41962
-30.51938
42.71992
61.01818
30.50395
67.09737
42.69113
18.29312
73.16014
73.14781
12.18925
6.0936
54.83314
-6.09155
-18.27156
-24.35797
6.08847
-24.34977
18.25925
24.34157
-18.2531
66.91678
12.16464
-12.16259
48.64217
54.71323
79.01692
12.1544
42.53325
0
42.51894
12.14622
109.29762
-6.07107
97.12076
0
-18.20402
42.46889
0
-12.12989
42.44747
-30.31452
0
54.54779
24.23938
78.76476
30.28904
18.17037
24.22309
108.98557
12.10747
60.52719
18.1551
48.40548
108.89402
60.48651
18.1429
36.27971
36.27362
42.31211
48.34857
12.08511
-6.04154
66.44579
-6.03951
66.42348
36.2249
6.03647
-6.03546
42.2411
90.50144
30.16208
6.0314
12.06078
36.17627
-18.0851
-24.10942
36.15806
-12.05066
6.02432
24.09324
90.33449
48.17031
30.10139
102.32757
42.12781
66.18974
24.06496
42.10662
84.1991
18.03964
60.12205
-12.02239
-18.03057
42.06427
30.04087
12.01433
-18.01848
12.0103
24.01658
-60.03139
90.03199
-6.00113
18.00036
35.99469
5.99811
11.99421
41.9727
5.9951
23.97636
-11.98617
-35.9525
5.99108
41.93053
-5.98907
29.94034
-53.8836
17.95819
71.82073
5.98406
29.91528
0
-11.96211
0
5.97905
5.97805
77.70164
-53.78444
29.87524
29.87024
17.91915
11.9441
107.4789
71.64061
35.81431
71.61664
47.73644
35.79634
-17.89517
-17.89218
71.55676
83.46892
59.61068
11.92014
5.95907
35.74847
23.82833
11.91217
11.91018
11.90819
17.8593
29.76052
101.16885
142.80273
47.59296
47.585
41.62992
17.83841
5.94514
35.6649
59.43157
35.65298
17.82351
53.46161
-35.63512
17.81458
17.81161
11.87242
0
53.40805
59.33236
65.2547
17.79376
65.23291
29.64637
-5.92828
82.98212
23.70522
59.25316
11.84865
0
29.61174
59.2136
-5.92037
47.35507
-11.83679
118.34818
35.49853
41.40804
-5.91445
17.74038
35.47484
23.64595
65.01552
-17.72855
0
64.98299
17.71968
-41.33902
29.52295
53.13244
82.63668
-5.90164
-23.60261
35.39801
-47.18948
-41.28391
35.38031
11.79147
64.84228
-17.68131
70.71346
64.80986
41.23577
29.44921
23.55544
0
64.75588
29.42959
5.88494
70.60748
70.59572
58.81997
94.09628
17.64011
41.15341
47.02464
-41.1397
76.38958
-76.37686
-11.74833
64.60506
5.87221
35.22739
76.3133
88.03915
0
17.60197
105.59424
-11.73074
11.72879
-11.72684
-17.58733
-46.89174
23.44197
-5.85952
23.43417
-11.71513
52.70933
46.84494
17.56393
87.80505
17.55809
17.55517
40.95525
-5.84978
29.24402
23.39133
40.92801
-5.84589
17.53475
-5.84394
17.52892
46.736
81.77441
23.36023
-5.83909
17.51435
0
81.70647
11.67041
23.33695
52.49941
11.6646
11.66266
81.62505
-34.97635
-11.65685
0
69.91785
-34.95312
-5.82455
5.82359
52.40355
-29.10825
-23.28273
40.73802
52.36876
17.45335
75.61864
-52.34267
5.81489
69.76706
69.75548
-11.62398
34.86616
0
40.66369
29.04067
-11.61434
40.64344
0
-11.60856
34.8199
69.62824
-5.80139
23.20171
11.59893
63.78354
-23.19017
63.76238
-23.18248
75.33055
28.96848
63.72009
28.95888
34.74489
23.15942
52.10005
-23.15174
28.93487
17.35805
-23.14022
69.40916
5.78314
80.95052
69.37466
40.46184
40.45514
52.00513
51.99651
51.98789
-28.87738
-28.87259
-5.77356
0
28.85824
69.24831
51.92762
-11.53756
98.05302
40.36808
11.53183
46.11968
11.52801
34.5783
5.7621
63.37255
28.80094
92.14774
120.92387
17.27198
11.51275
57.5542
5.75447
28.76757
51.77306
0
5.75066
-51.74736
28.74377
-22.99122
57.46853
5.7459
-11.4899
51.696
22.9722
97.61569
28.70575
5.7402
28.69625
11.4766
5.73735
17.20921
40.14818
63.07956
34.40134
57.32608
17.19498
5.73071
-57.29765
57.28818
0
11.45385
74.4377
0
-51.51675
5.72314
0
22.88498
45.7624
0
17.15523
40.02225
28.5826
5.71558
22.85852
74.27792
-5.71274
-28.55899
-11.42171
68.51893
-28.54484
28.54012
39.94957
-11.41228
-28.52598
22.81702
0
-17.10711
11.40286
-5.70049
28.49773
0
34.18598
11.39345
-5.69578
17.08453
39.85732
28.46481
11.38405
-5.69108
-11.38029
51.20284
56.88265
34.12396
34.11833
73.91084
85.26767
85.2536
17.04791
45.45358
0
11.35965
73.82552
39.74564
45.4161
17.02823
11.35028
34.04522
28.36634
51.05099
39.69978
45.36369
11.33905
-73.69169
5.66766
62.33395
62.32367
45.31883
79.29488
45.30389
45.29642
-16.98336
73.58242
33.95552
-22.63328
28.28694
-16.96937
62.21075
45.23673
28.2683
11.30546
73.47335
39.55605
-5.64993
39.54302
50.83265
79.05998
-45.16969
16.93584
28.22176
0
16.92748
11.28313
11.28127
45.11763
56.38776
33.82708
28.18459
16.90797
5.63506
16.90241
33.79924
61.95507
152.04651
-5.63043
50.66549
50.65714
-5.62765
73.14735
39.38055
22.49947
39.36759
28.11508
-5.62209
39.34815
-11.24048
16.85794
50.56551
56.17466
61.78196
0
67.37633
50.52393
28.06423
44.89539
33.666
-28.05039
16.82746
39.25763
117.7535
0
44.84372
11.20909
28.01811
-11.2054
50.41602
33.60515
22.39975
-5.59902
5.5981
39.18023
50.36631
61.5487
55.94416
22.37399
-61.51835
-11.18332
5.59074
16.76946
39.12231
22.35193
16.7612
39.10303
27.92615
33.50587
50.25055
-22.32991
5.58156
39.0645
61.37699
33.47286
122.71365
-27.88488
-50.18455
11.15029
-16.72269
27.86657
0
44.57187
83.55853
-22.27862
61.25613
38.97477
38.96838
61.22596
38.95558
-16.69251
22.25302
-22.24937
77.86002
22.24207
38.91723
-66.7043
-16.67334
38.89807
27.77978
72.21556
55.54132
11.10644
22.20924
55.51398
22.20195
0
94.32732
72.12083
88.74953
-16.63781
-49.90523
5.54412
38.80245
16.62689
55.41389
55.4048
49.85614
55.38663
5.53775
16.61054
60.89532
-5.53503
44.27298
5.53322
82.98463
27.65701
-5.53049
44.2367
49.75813
33.16665
22.10748
82.88944
66.30068
71.81397
55.23246
60.74575
33.12862
16.56159
88.31402
27.59361
44.14254
-33.10148
55.1601
11.03021
49.62782
22.05319
16.53719
16.53448
49.59531
82.6453
0
55.07882
-5.50698
55.06078
82.57764
11.00855
-11.00675
77.03461
5.50157
27.50335
-27.49884
82.48303
16.4939
5.49707
16.4885
104.4101
-38.46058
10.98694
10.98514
10.98334
-5.49077
-10.97975
43.91179
109.76152
38.41024
10.97256
-21.94153
21.93794
16.45076
27.41345
-5.48179
93.17522
27.39999
10.9582
54.78206
5.47731
21.90565
27.37758
21.89849
49.26353
38.30981
5.47194
71.12352
43.76116
82.03876
5.46836
21.86985
10.93314
49.19106
-27.3239
27.31943
43.70395
65.5452
92.84052
60.06345
-27.29711
32.75117
38.20345
0
10.9117
21.81984
81.81103
59.98494
27.26143
49.06255
5.4505
49.04651
-5.44872
38.13482
43.57553
16.33815
16.33548
21.77709
5.44338
59.86742
0
76.17
-10.87965
5.43894
-10.8761
48.93444
21.74509
16.30615
0
-16.30083
59.75993
10.86367
10.86189
-16.29018
5.42917
43.42629
10.8548
59.69165
5.42563
27.12371
10.84771
10.84594
21.68834
70.47559
-5.42031
59.61372
37.92981
27.0883
5.41678
75.82249
27.07504
10.82825
5.41324
-5.41236
16.23442
70.33767
-21.63883
59.49707
43.26354
16.22118
0
32.43177
-5.40441
81.05297
59.42915
54.01768
21.60355
37.80004
16.19737
37.78771
-43.17891
59.36132
48.56043
16.18417
-5.39384
37.75074
5.39208
37.73843
5.39033
86.23114
10.77714
0
80.80216
-5.38593
43.08043
26.92088
48.44968
5.38242
37.6708
-37.66466
32.27873
5.37891
64.53642
37.64011
59.1391
48.37865
-5.37453
0
-10.74555
-5.3719
69.82334
96.66271
53.69276
112.73642
42.94021
16.09996
21.46311
-21.45961
37.5482
42.90524
16.08684
5.36141
96.48961
-48.23695
32.15273
5.35791
42.85634
-5.35617
26.77648
32.12655
80.30329
58.87949
96.33256
32.10563
-53.50066
10.69839
5.34832
21.38981
32.07949
48.1114
48.10357
-26.71985
16.0293
90.81792
69.4377
48.06442
-26.69811
64.06503
26.68942
37.3591
85.37834
69.35861
48.00969
32.00125
26.66337
90.64069
63.97125
58.63077
53.29203
53.28335
74.58456
53.26601
63.90882
42.59895
21.29601
53.23135
69.1895
37.24983
47.88484
106.39345
47.86926
0
42.53661
5.31621
26.57674
85.03172
47.82256
10.62551
47.80701
42.48821
132.75404
84.94878
26.54218
53.07572
26.53354
31.83507
10.60997
-31.82472
42.42606
31.81438
79.523
47.70604
5.29981
15.89685
15.89426
68.86393
15.88909
37.06852
52.94643
58.2316
0
-26.46031
15.8736
68.77444
58.1843
5.28862
-15.86329
63.44284
15.85813
-5.28519
5.28433
26.41734
73.95653
31.6905
26.40446
-5.28004
-15.83753
68.61815
42.21969
15.82981
126.61793
52.7489
-31.6442
-5.27318
31.63392
21.08585
26.35304
47.42776
-36.88227
57.94844
36.87029
68.46227
47.38926
57.9108
63.16516
15.78873
15.78616
36.8284
31.56207
68.37339
0
47.32005
42.05544
78.84115
73.57313
31.52622
52.53517
-15.75799
78.77718
-10.50192
115.50235
47.24329
62.98083
26.23775
20.9868
62.95017
57.69496
41.95316
41.94635
68.15176
78.62389
41.92593
-26.19946
15.71712
15.71457
83.79746
62.83789
20.94257
47.11313
20.93577
-10.46619
41.85796
26.15698
-26.15274
94.13458
99.34816
5.228
41.81723
-73.16829
73.15643
67.91995
20.89506
-47.00625
36.55449
-5.22122
10.44075
67.85388
-5.21868
26.08918
15.65097
52.16145
-26.0765
36.50118
57.34969
140.7446
57.33109
36.47751
41.68182
62.5126
36.45977
26.03847
72.8959
57.26606
46.84646
57.2475
5.20348
62.43158
135.24649
15.60284
52.00102
36.39481
67.57941
93.55634
-5.19673
31.17534
57.14552
20.77682
77.90047
41.54018
46.72513
36.33588
57.08999
36.32411
5.18832
20.74991
46.67973
57.04376
51.84956
-5.18412
77.74915
62.18924
98.45035
15.54227
25.89959
56.96988
31.06945
15.53221
67.29533
46.58153
31.04932
25.87025
5.17321
5.17237
31.02921
51.70698
62.03833
36.18317
118.86829
-10.3347
5.16651
46.49109
20.65936
98.11607
10.32634
41.29866
82.58394
41.28529
-20.6393
56.74889
10.31631
87.67444
56.72134
30.9339
41.23853
103.07963
87.6035
30.91388
151.20831
118.07745
97.84643
36.04285
77.22218
87.50431
25.7324
46.31082
20.57925
36.00787
0
0
56.55633
46.26587
35.97875
35.97293
30.82895
35.96129
46.22846
20.54266
25.67417
11.87605
25.66586
17.24982
-15.39454
51.30682
56.42837
41.03218
66.6665
0
41.01227
76.88557
51.24876
76.8607
51.23218
46.10151
92.1881
56.32806
25.59953
30.71446
76.77374
0
61.39913
46.0419
102.2988
56.25524
10.22657
40.89967
86.89776
40.88645
76.6497
20.43662
35.7583
35.75252
25.53338
-30.63511
25.52513
-5.1042
20.4135
86.74336
10.20345
51.00901
40.80062
20.39701
76.47643
30.58563
30.58069
45.86361
35.66594
-5.09431
5.09349
40.74131
50.91841
35.63713
30.54117
0
45.79696
10.17546
20.34763
55.94693
20.34105
25.42221
40.66896
76.24198
111.80351
35.5681
20.32134
5.07952
106.65259
86.32386
35.53938
20.30494
76.13121
50.74594
20.2951
-20.29182
20.28854
15.21395
76.05747
40.55743
25.3443
30.40825
45.60501
65.86326
75.9838
70.90676
81.02321
15.1894
60.74778
30.36899
65.78885
55.6585
35.41333
10.11646
15.17224
55.62256
20.22312
35.38475
15.16244
30.31999
55.57768
40.41361
10.10177
60.60084
-35.34478
75.7266
20.1905
5.04681
-35.32197
20.18073
30.2662
40.34842
35.29917
131.09004
-5.04111
55.44328
35.27639
20.15468
25.18929
55.40749
40.28986
60.42503
90.62293
10.06759
60.39579
80.51473
60.3763
-10.06109
20.11894
45.26031
40.2249
40.21841
30.15894
30.15407
35.17408
25.12029
45.20923
20.08975
-20.08651
75.31225
65.26009
135.51831
20.07355
55.19336
35.11738
15.04788
50.15151
5.01434
15.0406
45.11452
35.08341
20.04443
70.14419
35.06644
55.09552
20.0315
25.03534
-20.02504
25.02727
55.05111
-20.01536
-5.00303
95.04229
70.01988
65.00797
0
84.98301
79.97112
49.97389
9.99317
14.98733
54.9447
39.95334
99.86724
94.85858
19.96701
24.95474
79.84229
29.93603
24.94267
14.96319
39.89541
79.77796
29.91191
44.86064
44.85341
34.88036
-14.94632
49.81303
29.883
29.87818
59.74674
64.7152
4.97729
29.85893
69.65961
69.64838
74.61124
54.70609
59.66976
19.88672
89.47579
74.55115
-64.60059
39.7478
34.77372
49.66874
59.59289
64.54856
54.60922
114.16451
9.92575
49.62075
49.61276
94.24905
34.71774
34.71215
34.70656
49.57281
44.60834
54.51252
34.6842
79.2654
34.67303
14.85748
29.71017
49.50897
54.4511
69.29023
24.74253
29.68625
49.46911
84.08395
59.34382
54.38974
14.83118
49.4293
-9.88427
44.47204
59.2865
98.79493
64.20636
-9.87631
64.18569
103.66788
54.29348
39.47981
44.40764
59.20065
118.38223
34.52259
59.17206
78.88338
98.58835
0
93.62878
49.27037
78.8199
24.62725
54.17124
0
14.76922
68.91192
93.50827
29.52417
54.11894
54.11023
54.10152
54.09281
98.33474
98.31891
68.81216
14.74309
49.13572
54.0406
83.50385
-24.556
-49.1041
54.00582
4.90883
19.63216
34.35075
98.12921
93.20775
53.9537
68.6573
58.83964
49.02514
102.93623
53.91031
-24.50074
44.09424
9.79714
-19.59113
39.17596
0
102.80382
63.63022
24.46923
48.93058
34.24589
88.0467
-14.67209
58.67892
4.88912
53.7717
63.53816
39.09411
58.63174
43.96673
19.53763
34.18535
9.76567
24.41025
19.52506
48.80479
63.43603
29.27346
117.07501
58.52809
29.25934
63.38504
43.87489
53.61624
58.48104
63.34427
19.48741
82.80817
0
9.73901
82.76823
63.28318
92.47593
58.39646
63.25266
48.64807
38.91219
29.17945
29.17476
38.89343
24.30448
53.46127
53.45268
38.86842
68.0088
63.14088
58.27452
48.55429
116.51157
-14.5616
53.38397
24.26154
0
29.10449
33.94978
19.39675
63.02931
19.39052
0
38.76857
14.53588
87.20124
92.03096
4.84296
62.94831
-4.8414
62.92808
87.11718
58.06879
58.05945
24.18755
67.71426
67.70338
-9.67036
33.84081
67.67074
33.82993
-4.83207
9.66259
33.81363
38.63793
33.80276
14.48457
57.92896
4.82664
14.47759
82.02648
38.59449
67.52951
106.10075
53.04185
53.03333
57.84525
38.5573
48.18889
43.36303
48.1734
67.43192
38.52634
101.11539
101.09914
52.94819
43.31429
76.9908
76.97843
48.10379
24.04803
43.2795
43.27255
76.91663
14.41955
28.83447
14.41492
52.84621
120.08573
52.82924
38.41509
67.21561
91.20653
67.19402
28.79281
33.58622
52.76986
43.16841
67.14008
33.56464
57.53015
76.69455
23.9632
14.37561
47.911
-14.37099
57.47474
52.67672
57.45628
76.59607
67.0108
90.92862
23.92474
43.05762
47.83412
71.73966
52.60063
-23.90554
43.02306
47.79573
119.47013
43.00234
42.99544
52.54154
57.30884
47.7497
62.06464
114.56249
33.40869
71.57856
42.94024
52.47409
100.16173
42.91956
42.91267
71.50964
66.73161
52.42357
52.41515
76.22798
47.63484
57.15263
38.09564
23.80595
57.12511
38.07729
38.07118
71.37201
85.63266
42.80946
9.51169
66.57111
38.03453
52.28909
52.28069
38.01622
9.50253
33.25351
113.99374
94.97954
71.22322
94.94906
75.94705
18.98372
90.15818
47.44406
9.48729
14.22865
66.38971
23.7068
75.8496
47.39839
75.82526
37.90654
75.80092
99.47275
80.51263
-23.67639
61.54873
52.07134
37.86398
70.98357
94.62959
75.69152
56.75953
70.93803
42.55599
113.46442
70.90389
51.98784
47.25409
42.52186
51.96282
18.89254
51.94615
70.82429
66.09206
70.80157
66.07086
47.1859
56.614
28.30246
51.87951
61.30231
47.14806
56.5686
32.99305
23.56269
14.13534
14.13308
56.52324
61.22368
14.12628
4.708
75.31596
89.42336
47.05738
0
32.9296
84.66252
14.10816
-14.10589
108.12784
70.50684
37.59762
61.08633
14.09458
51.67186
56.36026
61.04715
37.56145
89.19414
56.3241
32.85046
-18.76868
42.22276
51.59731
56.27895
60.95908
32.81886
60.93953
18.74762
46.86153
9.3708
32.79255
56.20678
46.83147
70.23595
74.90633
32.76626
70.20216
84.22909
18.71457
56.13472
70.15714
0
65.459
42.07404
14.02243
42.06054
23.36322
56.06274
70.06719
42.03357
65.37508
32.6823
84.02671
32.67181
60.6665
18.66362
55.98189
60.63732
65.29126
139.88742
23.31083
51.2756
18.64269
83.87863
88.52436
18.63372
88.49598
4.65694
69.84284
88.45342
32.58288
65.1553
60.49166
83.74425
46.51712
74.41547
88.3542
4.64948
37.18984
37.18388
51.11964
88.2834
37.166
32.51504
78.95243
18.57406
13.92832
51.0623
18.56513
41.76485
88.15611
37.11241
13.91492
60.28834
69.55232
60.26901
-9.27067
92.69183
50.97234
50.96417
125.07381
64.84269
83.35581
18.52054
18.51758
37.02922
74.04656
87.9162
4.62643
101.76508
32.37461
55.49043
92.46923
32.35904
41.59782
41.59115
9.241
9.23952
13.85705
78.5107
73.88059
36.93437
46.16057
69.22975
-4.61458
27.68303
73.80957
106.08425
59.95106
69.16321
64.54199
46.09403
23.04332
27.64755
55.28625
87.52253
64.47995
23.02486
41.43811
96.67343
32.21932
18.40809
73.62054
105.81258
41.39829
64.38702
36.78668
50.57359
18.38745
45.96125
22.97694
27.56792
110.25399
27.55908
18.36978
68.87563
50.5007
41.31213
22.94751
27.5326
4.58803
-4.5873
105.49089
50.44408
64.19127
22.92178
59.58708
41.24598
50.40368
68.72128
59.5489
54.95941
36.63374
105.30512
36.622
59.50121
9.15257
73.20879
9.14963
22.87042
41.16016
77.73451
77.72205
31.99807
36.56337
63.97564
73.1033
31.97757
-9.13499
27.40056
36.52823
50.21827
123.24329
63.89369
86.69898
27.37424
13.68493
13.68273
54.72216
82.0701
41.02848
68.36984
41.01533
-4.55653
9.1116
68.32604
18.21736
36.42888
18.21152
95.59517
59.16848
59.159
50.0496
104.6324
40.93655
9.09556
54.56459
22.7316
113.63981
27.26919
72.70618
22.71704
72.68289
104.46491
36.3298
40.86448
86.25564
4.53904
40.84485
77.13902
40.83176
58.96977
122.45605
45.34683
58.94143
31.73261
31.72753
58.91312
45.31052
4.53033
77.00321
40.75988
13.58445
72.43879
0
81.46754
36.202
0
58.8094
54.27691
54.26821
22.60813
67.81354
13.56053
54.23345
27.11238
40.66206
22.58642
31.61592
22.57918
-4.51511
81.25902
63.19133
45.12944
85.7322
45.11498
13.53233
49.61059
58.6213
36.06887
67.6183
27.04299
67.59664
13.51716
90.09999
94.58984
22.51778
9.00567
76.53594
54.01672
76.51143
49.49947
58.49
62.97915
67.46685
0
4.49635
71.93007
13.48473
31.45933
40.44123
62.8985
8.98406
76.35229
31.43414
67.34809
49.38069
67.32652
31.41401
53.84397
85.2393
58.31228
49.33326
71.74598
98.63493
80.68838
53.78364
40.33127
71.68855
98.55597
103.01929
76.1325
67.16497
17.90779
76.09592
53.70617
31.32358
22.3704
53.68037
40.25383
62.60704
40.24094
53.646
98.33524
49.15975
17.87341
84.8851
53.60306
40.19585
40.18942
35.7182
31.24843
53.56015
71.4021
35.69533
31.22842
44.60488
84.7357
84.72212
4.45835
57.94921
102.5091
0
66.83235
57.9121
71.26502
40.08015
53.43164
35.61539
102.37785
44.50498
93.4455
66.7361
53.38033
44.47649
40.02243
57.80092
71.1282
80.00641
66.66133
44.43377
17.77066
44.41954
44.41243
48.84585
57.71767
31.07377
39.94559
57.68995
13.31093
35.49014
22.17778
26.60908
39.90723
-13.30028
93.08704
48.75207
57.60686
0
4.42988
44.29169
0
4.42775
22.13521
26.558
61.95873
70.79864
57.51468
35.38799
79.61021
92.86371
66.3206
48.62732
44.19957
30.93475
61.85959
88.35669
79.50829
66.2463
8.83143
13.24502
44.14299
57.37669
61.78039
39.70961
88.22945
48.51843
13.23018
61.73095
35.26918
61.71118
92.55195
52.87836
35.24659
79.29214
48.44855
48.44079
57.23904
70.43677
52.81912
0
48.40202
57.19323
79.17794
52.77684
74.75522
114.31321
74.73129
70.32407
57.12915
8.78769
26.35886
26.35464
57.09257
70.25652
48.29363
39.50664
57.05601
57.04688
74.58781
61.41542
48.24725
65.78117
0
78.91213
78.89949
13.14781
17.52761
21.906
78.84897
39.41817
91.961
78.8111
56.91001
61.27789
13.12887
91.8874
56.87357
61.23865
87.46977
21.86394
13.11626
78.68499
65.56033
87.39977
21.84644
56.79166
96.09357
61.14066
65.49736
56.75529
48.01601
52.37272
61.09172
30.54097
30.53608
87.23197
100.30071
52.32242
74.11157
26.15283
91.52026
34.85928
52.28054
47.91616
95.81697
52.25543
17.41569
60.94515
60.93539
47.87014
21.75567
-13.05131
13.04922
13.04713
26.09008
4.34765
34.77564
91.27144
47.80119
39.1038
95.57177
65.15213
34.74224
104.21003
112.87612
52.08833
69.43998
52.07165
52.06331
0
65.0583
52.0383
95.38828
69.36218
30.34109
78.00746
30.33138
43.3236
30.32166
69.29556
47.63307
25.97751
73.59116
56.26659
73.5676
90.86307
69.21792
56.23055
30.27314
60.53658
64.85024
30.2586
17.28786
47.534
86.41161
21.59944
25.91518
38.86654
17.27125
120.87941
86.32861
30.21018
73.35581
17.25743
103.52799
47.44273
21.56142
81.92028
64.66355
73.27362
38.7857
51.70599
60.31399
38.76707
60.29467
12.91822
81.80228
86.09387
21.52002
0
8.60525
60.22711
129.03742
30.10391
68.79791
38.69263
60.17889
38.68024
21.48558
124.5964
47.25313
77.31092
64.41545
90.16718
90.15275
81.5537
94.41548
38.61833
77.22429
77.21191
81.48841
72.89901
85.7498
47.15484
47.14729
94.27947
81.41013
85.68115
68.53394
85.6537
42.81999
68.50102
98.45444
59.91919
72.74736
55.62142
77.00195
38.4948
89.80682
42.75831
111.15378
29.92123
68.38042
76.91564
29.90685
29.90206
12.81312
4.27035
46.96637
55.49682
34.14642
93.8876
8.53387
89.59128
-12.7967
76.76792
38.37781
51.16222
80.99387
42.62153
72.44498
68.17259
21.30052
55.37249
38.32866
80.90309
34.059
72.36379
80.86422
80.85127
85.09296
68.06346
46.78613
63.78905
38.2673
80.77358
21.2528
131.74625
38.24278
93.46738
67.96539
63.70734
21.23238
63.68693
59.43161
38.19992
89.11886
29.70153
21.21198
38.17544
67.85658
29.6825
63.59516
29.67299
21.19159
110.17864
80.50226
46.5991
72.00526
38.11432
105.85615
46.56924
46.56178
80.41201
46.54686
97.30966
33.84142
50.75399
25.37293
54.96587
38.0472
42.26789
-12.67834
-12.6763
101.39419
33.79265
88.69148
71.78636
50.6646
16.8855
29.54488
37.98019
50.63214
50.62403
50.61591
101.21561
50.59969
29.51176
67.44464
12.64384
54.78121
37.91937
29.48812
67.39062
101.06973
54.73733
54.72856
54.71978
79.96226
0
71.52225
29.44562
46.26427
46.25686
75.6809
58.85349
63.04721
109.26431
71.4306
63.0169
71.40771
16.79912
62.98661
29.38904
67.16418
83.94177
46.16057
58.7404
79.70635
20.97199
88.06825
83.86108
33.53906
46.10881
88.0118
-16.76147
33.51756
46.07925
33.50681
62.81521
58.61813
87.9131
33.48534
71.14494
0
50.20385
92.02565
75.28164
20.90822
20.90486
33.44242
87.77229
83.57925
50.13951
45.95385
71.0082
100.2308
79.33667
58.44923
45.91703
45.90967
116.84225
45.89495
37.5444
0
50.04314
83.39187
50.0271
66.69211
58.34624
41.66921
58.32753
8.33117
16.65967
58.29948
20.81791
95.74702
12.48674
66.58527
91.54006
45.76269
83.19155
112.29059
62.37366
58.20608
41.56911
95.59361
87.26714
4.15491
108.01038
99.6859
87.21117
78.8927
45.6674
12.45275
33.202
74.69253
53.93595
58.07556
45.62348
49.76309
74.63266
74.62069
12.43479
16.57706
87.0156
78.71578
16.56908
66.26571
28.9866
-4.14028
37.25654
115.89063
86.90403
70.3396
78.60224
20.68148
70.30576
57.88958
62.0146
12.40093
37.19683
45.4555
61.97483
74.35786
61.95495
70.20435
41.29005
86.69521
66.04289
61.90529
37.13722
61.88543
24.7502
53.61683
61.85566
86.58402
82.44775
45.33899
49.45278
86.52849
107.11333
94.7389
45.30264
41.17761
37.05391
78.21236
53.50514
12.34536
61.71689
65.82079
74.03651
74.02464
69.90094
82.22321
65.76801
24.65905
78.07446
61.62785
65.72582
57.50087
49.27855
4.10589
45.15751
20.52285
61.55867
102.58132
73.8467
49.22324
82.02557
86.11302
4.09996
40.99305
61.4797
61.46984
45.07065
69.64346
73.7283
77.81184
49.13643
61.41068
49.12066
32.74186
40.92075
28.63993
40.90762
49.08126
77.69953
61.33189
40.88137
89.92458
65.3892
61.29253
32.68411
44.93343
57.17883
65.33675
24.49735
81.64472
73.46846
48.97111
53.04353
28.55731
53.0265
85.64445
53.00948
73.38596
65.2215
81.51379
16.30014
44.81819
57.03218
40.73073
69.23113
97.72238
93.63558
36.63413
32.55845
81.38305
73.23299
65.08554
32.53754
73.19772
48.79065
44.71758
52.83957
60.95895
69.07571
60.93938
81.23946
60.91982
20.30335
0
56.83112
81.17427
60.87093
44.63152
73.02167
20.28054
81.10914
109.47975
60.81232
52.69555
36.47568
64.83524
60.77328
48.61081
20.25125
48.59521
48.5874
36.4347
68.81005
48.564
40.46351
84.95972
52.58566
36.39961
80.87505
76.81895
52.5519
64.66887
96.98773
105.05317
68.67758
92.9018
60.5784
52.49285
88.81979
48.43938
0
60.52978
44.38137
76.64642
60.50062
80.65453
68.54534
68.53434
72.55412
48.36164
28.20643
92.66337
88.62029
24.16529
56.37662
44.2888
52.3329
48.29953
56.34041
32.18935
28.16115
48.26851
60.32594
16.08433
72.36787
124.61355
76.36378
84.38851
40.17855
56.24093
96.39754
24.09551
36.13746
64.23406
48.16781
80.26678
72.22849
80.24099
64.18247
52.13989
44.11128
48.11366
48.10593
44.09002
44.08293
48.08275
32.05001
40.05608
72.08936
40.04321
44.04045
68.05158
60.03586
96.04195
88.0243
60.00692
15.99928
75.98434
39.98533
27.98524
15.98899
67.9423
99.89909
27.96725
39.9468
47.92845
39.93396
39.92754
51.89746
11.97441
63.85326
63.843
51.8641
75.7892
75.77702
31.90098
59.80473
43.84975
83.69971
63.76096
59.76629
47.80534
47.79766
63.71997
23.89115
87.58679
23.88347
43.77932
55.71018
67.63719
103.42849
63.63807
67.60458
35.7849
35.77915
51.67269
11.92255
71.5238
51.64777
51.63947
63.54605
51.62286
55.58492
27.78799
35.72167
47.62124
47.61358
67.44173
55.53132
75.35181
43.61771
43.6107
91.17135
91.15669
43.58967
59.4309
59.42134
11.88236
11.88045
79.19024
7.91775
0
63.32163
35.61269
67.25759
71.20247
15.82023
51.40746
71.16812
31.62519
43.47764
35.56689
47.41489
31.60485
82.94938
86.88537
82.92269
27.63645
51.31658
35.52115
11.83848
35.50972
71.00803
47.33107
15.77449
82.80272
35.48117
102.48467
27.58759
122.15395
98.4954
59.08773
70.89388
66.94455
59.05922
78.73296
59.04022
51.15995
15.73899
59.01172
114.07098
39.32849
58.98324
70.7685
62.89521
58.95477
15.71874
39.29054
51.06948
51.06126
54.9802
51.04483
70.66608
54.95366
35.32167
39.23998
74.54396
82.37743
54.90945
54.90062
47.0501
82.32442
66.63285
62.70318
66.6114
90.1068
70.50702
66.57924
50.90534
74.38814
50.88896
70.45029
62.6124
70.42761
46.94418
19.55693
93.85814
27.37088
93.82792
89.90395
35.17415
3.90761
66.41866
66.40797
54.68011
97.62733
11.71339
81.98055
62.45131
23.41547
3.90195
46.81587
70.21249
105.30178
62.39101
38.9881
54.57455
50.66821
35.07234
35.06669
62.33075
66.21576
70.09951
50.61927
38.93163
54.4955
42.811
31.13026
27.23459
66.13049
66.11984
69.99797
85.53929
42.76276
69.96415
62.18034
58.28468
50.50525
54.38151
69.90782
81.54599
46.5902
100.92918
50.45646
62.09026
62.08025
62.07025
54.30272
81.44096
46.53019
77.53783
73.64907
34.88078
50.37523
89.11105
46.48523
85.20919
89.06799
73.56605
61.94037
50.31844
73.5305
58.04104
42.55656
77.36311
100.55583
19.33454
42.52914
34.79096
57.97559
57.96625
88.86726
42.49488
34.76294
38.61926
65.64217
27.02477
57.90089
61.751
46.30578
81.02206
88.72414
100.28069
53.98859
42.41277
80.95678
77.08926
69.36916
65.50475
19.263
53.9277
61.62172
30.80589
11.55035
19.24748
19.24437
50.02731
46.1716
65.39923
42.31033
46.14928
49.98699
88.42426
61.50261
49.96281
49.95476
34.57849
49.93865
76.8163
72.96372
49.91449
42.22853
69.09009
69.07895
61.39361
80.56612
76.71726
53.69342
26.84238
30.67206
15.33356
114.98312
53.65014
107.28297
103.43475
91.92717
53.61553
68.92313
30.62756
26.7948
42.09932
26.78615
53.56366
65.0311
68.84535
34.41712
26.76455
64.98914
57.33411
45.85989
34.38937
114.61273
49.65751
57.28788
53.46006
64.90531
26.72141
45.80073
49.60945
99.2029
49.59345
49.58544
57.20474
49.56944
45.74902
95.29508
80.03495
60.96917
95.24896
11.42803
121.87931
49.50548
30.45999
38.06885
49.48151
45.66787
57.07563
98.91512
49.44958
57.04799
34.22327
22.81183
64.62309
76.01489
87.40302
37.99518
34.19014
53.17608
49.36981
37.97065
53.15033
15.18336
41.74749
87.27611
83.46802
79.66115
68.26996
45.50596
83.41412
26.53657
34.11294
3.78972
11.36731
64.40434
68.18182
98.46896
98.45305
11.35813
56.78149
121.11429
49.19474
68.10479
75.65977
64.30042
41.59943
56.71734
37.80545
68.03882
75.58647
86.91041
41.55913
0
83.09142
83.078
49.08361
64.1759
33.96999
30.19066
33.95901
33.95352
98.07211
37.71395
67.87414
56.55265
75.39134
60.30333
26.37845
71.58707
64.04124
56.49785
71.55238
79.07143
67.76456
60.22543
48.92525
48.91734
71.48303
48.90154
75.22098
48.88573
63.91716
52.62916
22.55171
52.61215
37.57403
78.89272
48.83045
45.06698
45.0597
56.31551
33.78385
82.56939
60.04076
101.3024
18.75667
37.50728
15.00049
44.99418
134.96072
78.71436
74.95394
52.45927
11.23946
33.71292
56.17911
33.70202
56.16095
67.38223
37.42852
67.36045
37.41642
-3.74104
14.96173
59.83723
67.306
74.77235
44.85616
78.48558
29.89443
33.6258
33.62036
14.93997
56.01581
104.54594
37.3318
104.51212
63.44352
-7.46274
89.53835
26.11113
108.15718
26.10268
89.48043
74.55496
52.18003
37.26542
96.87442
48.42938
40.97207
44.68958
78.1941
52.12097
44.66789
52.1041
78.14351
66.96932
29.75932
74.38627
44.62454
104.10708
26.02256
85.48885
70.6098
44.58844
22.29062
55.71752
59.4224
22.27979
55.69047
29.69678
70.51843
55.66343
111.30885
48.22603
55.63641
77.87837
88.98944
33.36564
81.54724
66.70967
37.05493
55.5734
55.5644
85.18495
51.84332
66.6449
51.82653
62.92202
62.91184
59.20155
103.58595
48.08569
18.4915
36.97701
29.57682
48.05455
59.13448
48.03899
48.03121
59.10576
55.40268
62.77953
33.23084
55.37576
44.29343
40.59574
14.7597
59.02922
62.70839
77.45076
59.00054
58.99099
73.72679
66.34336
55.27718
44.21458
3.68395
33.15019
84.70343
62.59674
77.31286
99.38614
62.56632
40.47753
55.18769
58.85733
69.88175
47.80608
80.8895
25.7334
77.18768
55.12512
88.18591
33.06435
55.09833
62.43465
69.76859
40.3858
40.37925
69.73468
36.69651
47.69774
66.03231
58.68588
44.00728
51.3335
43.99301
40.32039
36.64896
7.3286
69.61044
54.9467
21.97512
62.25274
98.85597
69.55403
84.18333
43.91462
76.83812
80.48403
58.52435
69.4864
65.81854
29.24794
29.2432
43.85769
62.12165
124.22315
36.53029
69.3963
36.51844
25.55877
47.45858
87.60163
43.79371
51.08438
32.83463
54.71551
25.52976
58.34428
32.81333
36.45334
76.5396
80.17134
65.58409
54.64454
40.06616
58.2686
54.61795
72.81212
61.88026
54.59137
65.49902
25.46771
72.75307
29.09651
80.0024
69.08177
83.61174
76.32877
72.68227
87.20456
54.49401
76.27923
39.9493
32.68049
72.61152
68.96974
54.44096
112.49306
65.30795
54.41446
76.16787
54.39679
54.38796
58.00441
68.86905
28.99279
32.61159
0
83.31368
32.59571
14.48463
72.41139
76.01962
72.38788
43.42568
50.65506
43.41158
50.63862
65.09621
43.39043
61.45979
68.6792
43.36929
68.6569
68.64574
43.34817
43.34113
72.22348
43.32705
36.10001
64.96946
39.69711
25.25769
18.03828
72.1414
28.85187
36.05898
46.86906
46.86145
57.66626
68.46755
57.64752
86.45723
36.01799
72.02428
72.01258
64.80079
35.99459
50.38424
79.16236
57.56327
35.9712
28.77228
68.32307
100.67026
68.30086
46.72457
46.71698
50.30241
14.36978
75.4291
71.82556
64.6325
43.08133
43.07433
32.30049
64.59049
93.2822
100.44141
35.8661
50.20438
78.87978
46.6032
39.42706
86.0087
17.91557
68.06808
64.47506
28.65092
71.61566
50.12281
71.59237
46.52747
57.25527
71.55745
57.23665
25.03696
85.82705
57.20873
42.89957
21.4463
46.45942
39.30542
39.29903
35.72057
46.4292
28.56716
53.55472
71.39468
64.24476
74.94002
3.56799
42.80894
0
71.32501
53.48505
17.82545
35.6451
32.07537
57.0136
60.5671
56.99505
92.60188
74.78165
46.28587
60.51783
60.50798
81.85042
35.58135
49.80578
64.02557
99.57912
46.22564
56.88384
120.85848
60.4194
42.64205
81.71729
53.28521
74.58714
71.02381
53.25919
46.15044
74.53858
42.58654
31.93471
67.40673
53.20718
21.27941
-7.09198
53.18119
60.2622
63.79665
74.4173
42.51725
42.51032
77.9229
81.45158
63.73433
42.48263
84.95143
77.85946
67.23131
38.91705
10.61201
31.83085
42.43422
77.78339
49.49046
74.2236
3.53388
31.79975
74.18733
42.38585
35.31578
74.15106
67.07813
45.88808
45.8806
24.70092
21.16876
70.55105
28.21582
38.79043
63.46491
88.13133
81.06761
70.48209
24.66471
77.50502
45.79096
38.73988
31.6911
59.85121
56.32137
42.23414
42.22725
84.44074
70.35581
56.27547
52.74965
84.38568
56.24795
38.66416
63.25831
84.33067
77.2905
45.66421
80.77736
70.22973
59.68553
31.59307
63.17584
21.05518
63.15523
45.60467
115.74683
45.58979
56.10137
73.62103
49.07268
63.08316
87.6012
63.06258
73.56101
84.05601
-7.00352
56.01905
66.51177
45.50063
66.49007
52.4836
52.47504
55.96424
69.94389
101.40208
52.44079
59.4232
48.92877
90.85288
55.90034
73.35722
59.37473
83.80946
59.35535
52.36382
90.74914
52.34673
62.80582
31.39778
62.78531
76.72508
27.89547
73.21367
87.1449
62.73408
90.60111
66.19769
41.80224
69.65903
59.2005
80.08172
52.21868
20.88406
24.36076
41.75448
73.05841
125.22254
76.51239
66.06809
69.534
52.14198
76.46242
69.49993
24.321
55.58178
27.78635
45.14545
62.49887
86.7898
59.00743
24.29321
79.8075
76.32513
86.71893
52.02286
52.01436
72.80821
38.1314
41.5911
65.84181
45.04229
38.10648
69.27319
86.57734
51.93791
58.85335
72.68932
31.14747
69.20529
44.97609
58.80527
58.79566
69.16006
41.48925
58.76683
69.12614
72.57059
65.64837
76.00147
62.17286
79.43011
69.05837
34.52354
27.61431
48.31715
37.95726
65.55183
72.44017
37.93864
100.00371
68.9568
72.3928
58.59411
68.92297
86.13963
62.01038
44.77795
82.65347
55.0933
58.52705
51.63307
89.48268
89.46804
55.04825
79.11891
65.34841
51.58241
65.32703
68.75404
75.61707
75.6047
72.15631
54.96724
51.52336
65.25224
68.67533
51.49807
113.27721
44.61705
75.49342
68.61915
54.88634
58.30719
48.00982
54.85939
85.70377
58.26902
41.12434
75.38228
27.40725
89.05898
65.07091
47.93914
23.96564
27.38482
61.60576
27.37586
10.26427
88.9424
71.82632
92.33301
64.96444
75.20966
47.85286
68.35003
27.33554
78.57679
47.82152
40.98316
44.39115
34.14145
51.20378
64.8475
51.187
68.23816
61.40428
75.03738
92.07624
68.19345
81.81873
95.43955
78.38393
57.92645
109.02016
78.34541
27.24611
68.10411
98.73478
23.82863
64.6671
105.49219
81.65799
37.42044
74.82862
44.20966
51.00279
81.59109
81.57771
74.76731
30.58161
112.1142
71.3337
101.88859
67.91459
105.25035
84.8654
71.27525
54.29605
108.57429
111.94887
57.66118
61.043
98.33092
37.29182
77.96101
71.17012
74.54695
84.69855
60.97295
57.57612
60.95295
81.25727
77.85878
101.53827
111.67378
71.05347
67.65887
81.17732
30.4365
67.62557
60.85303
57.46288
33.79615
30.41154
37.16356
47.29132
67.54794
81.04423
37.13917
23.63014
57.37807
43.87014
91.09996
43.85574
53.96744
87.68269
101.15574
91.02522
53.93201
70.77415
57.28396
70.75092
87.58199
97.67156
53.87891
90.90574
84.15816
60.58392
60.57398
50.47002
70.64643
67.27127
80.71227
53.79934
67.23813
104.20199
6.7216
53.764
33.59699
30.23232
90.68206
70.51891
70.50732
50.3541
114.11721
90.6076
73.81628
70.44943
50.31275
53.65812
73.76778
60.34554
90.50344
70.38
73.71932
30.15295
87.09419
100.47678
60.27617
80.35501
63.60393
53.5524
80.31539
56.88072
46.83525
80.2758
50.16413
73.56196
60.17716
70.19515
90.23607
30.07374
50.11467
90.19157
110.21601
56.76861
36.72659
103.48519
80.10439
46.71988
36.70244
86.73695
73.38074
66.69878
70.02221
76.67838
69.99918
79.9859
83.30494
26.6532
73.28423
63.28052
66.60011
109.87211
69.90711
53.2538
69.88411
66.54534
76.51456
73.1758
59.86125
69.82664
79.78873
83.09959
56.49843
59.81202
66.44685
89.68849
66.42499
69.73476
102.92484
96.26868
82.97658
33.18517
72.99535
69.66591
79.60508
79.59197
49.73679
46.41336
56.34981
46.39808
79.52647
62.94809
56.3127
59.6154
62.917
76.15014
79.44793
66.19571
72.80328
145.5826
62.85486
82.69013
89.29063
89.27593
36.36569
89.24652
49.57323
99.13014
92.50621
79.27798
66.0541
46.23025
115.55658
92.43003
75.91216
75.89965
46.19218
85.77133
49.47531
72.55183
62.64807
95.60497
75.81214
59.32146
52.7215
56.00736
95.52622
16.46732
88.90888
75.72471
72.42039
85.57362
78.97801
65.80416
118.42796
88.80633
75.63736
82.20097
42.73745
65.73909
69.01466
29.57283
49.27993
62.41095
59.11641
59.10666
108.34434
59.08717
59.07742
72.19383
78.74391
111.53547
88.55767
88.54306
98.36495
68.84411
68.83275
88.48465
49.15003
39.31353
88.44086
91.70131
42.56858
49.10949
58.92166
111.27811
94.89802
62.1643
81.78163
85.03886
75.21426
71.93221
42.49838
49.0285
71.89659
45.74482
65.33896
52.26254
84.91261
55.51061
91.41415
110.98457
94.64768
65.26348
88.09116
71.76612
61.9696
81.52548
61.94913
42.37925
81.48509
74.9539
48.87491
52.12463
87.94578
94.44467
58.61115
97.66911
84.63258
68.34579
87.85864
48.80229
52.04718
68.30064
107.31184
71.5294
87.77158
39.00314
19.49835
48.73782
58.47572
81.20285
74.69428
74.68193
77.91609
68.16531
97.36292
90.85704
100.57509
58.38879
61.62242
71.34048
48.63319
22.69174
45.37597
81.01513
68.04146
68.03021
74.49695
74.48463
51.80683
93.88435
103.57939
100.32594
58.24414
58.23451
97.04145
54.98106
90.54206
58.19598
64.65151
58.17673
90.48217
67.8504
93.68267
51.67844
77.50483
87.17851
51.65279
74.2386
87.13524
58.08055
67.74943
54.8357
61.27681
83.83861
61.25654
54.79941
45.12145
83.78311
57.9941
51.54177
64.41655
74.06677
77.27427
90.13839
64.37391
74.01774
38.61155
73.99323
48.24846
80.40079
64.30998
86.8041
57.85981
77.13364
80.33424
64.25674
83.51994
105.98852
96.33723
96.32128
99.5155
112.3376
77.01874
89.84031
73.78517
51.32031
83.38169
86.57433
67.32443
67.31328
70.50699
92.92563
41.64941
76.87849
41.63561
86.45963
57.6302
92.83328
64.01234
86.40233
67.19067
86.37369
83.16087
70.35523
86.33074
89.51334
73.51662
47.93767
47.92973
73.48006
99.02192
86.2306
79.82991
70.23867
60.65061
73.40698
79.77697
82.95429
82.94053
108.4427
63.77925
70.14554
73.32181
92.4339
54.1764
79.65796
86.01633
92.37257
54.14046
50.94727
92.32661
124.14277
82.74812
98.64484
95.44691
50.89657
98.59574
85.85946
63.58904
101.72559
79.45992
85.80248
92.14291
79.42036
85.75976
66.69096
95.25698
76.19293
73.00611
85.68859
85.67437
63.45196
104.67835
50.74471
85.61748
88.77376
91.92898
76.06652
60.20933
60.19933
60.18933
60.17933
72.83657
91.82216
75.97813
75.96551
50.63526
75.94027
98.07322
91.73068
50.60162
72.72775
91.68496
126.441
88.494
53.71957
72.66734
63.17849
60.00959
75.78899
34.73085
94.70476
97.84531
104.1406
78.88129
75.71345
88.31767
122.99345
119.81985
94.57889
85.10685
110.30535
94.53172
75.61281
85.05026
78.73715
66.12821
88.15628
50.36664
72.39001
100.69978
84.95131
100.66629
40.88888
72.32983
84.89481
78.59322
94.29618
78.56708
87.98049
75.39931
91.09233
97.35836
78.50175
97.32597
62.7805
81.60107
116.10528
50.19933
72.14953
18.81848
62.71784
53.30129
78.37121
84.62682
122.21839
109.66491
93.98285
90.83496
78.29297
100.19831
93.92028
56.34279
93.88901
100.1316
50.05747
81.32983
68.80609
62.54058
71.90969
93.77963
81.26214
71.87376
118.72818
84.34544
99.94833
71.82589
84.30331
131.11662
112.36696
59.29491
115.44979
96.71209
81.09985
112.27338
65.4819
102.88298
74.81152
105.96532
49.85772
71.65853
96.56715
59.17645
65.39465
71.61077
84.0508
102.71164
71.57497
96.45453
40.44193
68.42878
105.73594
90.1715
87.04762
99.46641
65.26395
93.21867
111.84374
118.0376
71.43189
74.5252
83.82687
99.33379
108.62821
99.30066
86.87358
80.65487
108.55575
83.72904
93.01675
68.2009
77.48809
96.06921
89.85619
71.25337
68.14402
77.42347
68.12128
68.10992
95.95705
80.46668
80.45325
49.50143
105.17297
61.85613
111.32245
108.21209
71.09893
67.99632
74.16542
95.78101
77.22985
108.10375
89.55672
77.19118
92.61395
61.73232
67.89421
74.05405
52.44619
92.53664
80.18503
70.92106
98.6563
101.72231
117.11522
77.03662
80.1047
123.21741
86.23778
101.6204
89.28786
80.0378
67.71298
80.01106
126.15021
83.06065
86.12257
89.18347
110.69202
98.37646
104.50752
76.83092
113.69075
113.67175
67.57731
195.80939
189.65576
124.11688
85.94999
85.93562
73.64678
67.49827
64.41939
113.48185
91.99693
95.04759
137.94923
76.62565
73.54833
49.02401
98.03163
94.95226
104.12376
79.61073
64.29022
119.37615
91.81245
85.67728
125.43504
64.23647
82.57592
88.67782
113.12173
82.53448
94.74595
119.17657
85.54835
100.80796
51.92268
48.86023
79.38458
97.68774
79.35801
85.44817
106.79233
85.41956
79.30488
64.04322
94.52416
100.60564
103.63695
82.28615
100.55512
60.93229
57.87598
100.50461
73.08202
106.5601
82.18974
124.78573
69.99003
94.31858
112.55493
88.20396
63.86113
63.85043
103.35957
97.26329
91.16906
82.03841
85.06261
82.01092
100.21877
48.58278
75.89787
97.13298
88.01201
97.10043
87.98251
75.83428
103.11733
87.93828
87.92353
103.06548
103.0482
78.78835
139.37141
72.70333
69.66234
124.15987
115.0557
90.81822
105.93682
72.63021
118.0043
117.98451
87.71735
120.96916
69.5456
139.06787
108.81747
111.82141
81.58572
129.91101
66.45495
114.76656
102.66864
123.78553
84.52227
87.52624
84.49391
108.61679
87.48218
87.4675
111.57773
108.54389
48.23364
96.45107
75.33975
87.37944
129.54088
78.31389
81.31231
96.35397
99.34834
90.30151
87.2768
87.26215
99.28163
108.28905
81.20314
63.14739
117.25404
102.2043
96.17613
99.16497
123.18427
90.11968
75.08712
84.08345
90.07427
96.06309
93.04548
81.02599
120.01834
95.99854
80.98515
119.95785
107.94392
56.96083
110.90508
86.91099
134.8392
116.841
119.81679
98.83223
89.83238
71.85382
68.84834
131.68771
149.61998
137.62723
86.7504
89.72671
71.7693
104.64596
119.57526
98.633
89.65129
92.62408
116.50747
107.52727
134.38648
125.40628
113.44374
80.5912
80.57764
89.51566
113.36742
98.43409
122.27632
104.36466
119.25383
68.55941
107.29233
74.49602
74.48348
104.25932
107.22012
104.22423
83.36535
104.18915
83.33729
107.1299
113.06252
101.14417
80.30685
104.08395
95.14645
112.96738
109.97603
106.98569
89.13973
98.03719
92.08003
80.18523
136.58885
32.65705
89.04968
80.13121
115.72559
115.70609
62.29279
133.46205
80.06374
106.73367
85.96541
100.77005
100.75307
74.07066
115.53075
130.32042
91.80119
79.94239
82.88925
76.95562
136.12929
56.21784
97.62505
82.81941
79.84811
88.70517
133.03532
109.36615
106.39237
112.28412
94.5391
100.43086
88.60052
97.44414
118.09419
112.17055
118.05435
82.62411
118.01453
112.09489
91.43041
97.31272
67.81258
82.54051
70.73708
106.08771
91.33789
79.53893
85.41629
50.06317
35.33275
70.65356
144.22667
88.28714
100.04187
76.48969
97.06669
85.28663
82.33181
123.47687
91.1223
117.55731
114.59902
82.26233
67.56122
126.28878
88.09358
114.5023
55.77375
76.30909
102.70642
93.88715
114.40564
93.85544
93.83958
76.23178
134.84883
108.44704
105.49822
102.55038
105.46257
105.44475
137.64072
90.76896
79.04348
117.08166
87.7964
111.18999
90.69229
117.00253
73.11422
108.19076
87.70741
134.46196
90.60034
90.58503
108.09934
105.15995
102.22155
125.56525
87.58884
67.14009
99.23379
99.217
99.20023
61.26037
113.75001
107.89842
107.88017
113.6923
78.69674
101.99703
119.46202
87.39645
107.77071
90.27911
84.44035
96.07105
119.3408
107.67957
125.11994
119.28021
116.35125
110.51498
63.97153
84.31183
139.52699
130.78441
107.51565
98.78143
107.47925
95.84364
107.44286
116.13477
130.62949
127.70499
124.78146
145.07016
127.64011
130.51892
136.29668
150.77078
124.65472
98.5475
165.18401
118.79643
136.1582
133.23865
110.04806
110.02941
127.38089
150.51555
133.12581
141.78389
170.69045
121.48786
173.52467
159.03732
141.66379
127.18674
150.28612
158.92954
135.78949
150.2097
127.07897
135.72043
147.24614
127.01434
135.65141
132.74269
144.26108
121.15875
103.83275
196.09526
170.11261
126.84213
138.34976
106.62652
158.47199
106.59035
187.22154
120.95339
138.209
123.79122
129.52698
146.77232
161.13443
163.98399
117.93338
155.30054
163.90051
137.99806
126.47675
143.69919
89.07838
143.65041
172.35123
114.88131
140.70572
172.26346
149.26965
132.0238
166.43654
123.37165
137.6938
163.48363
123.30881
120.42071
131.86694
160.50641
157.61345
157.58667
143.23628
154.6689
157.50638
148.88982
163.17842
148.83923
145.95213
214.59901
180.23254
163.03983
197.33046
151.54692
100.06114
157.21222
148.61174
114.2973
99.99313
131.3972
162.79059
145.62997
182.72028
159.85306
145.55571
159.79871
151.21234
148.33405
139.75255
151.13521
122.59828
173.88892
156.75842
156.73175
199.44286
182.31673
170.89285
165.16834
185.07094
136.64452
167.93031
165.05595
145.11072
156.46532
153.59435
139.34894
145.01196
167.73038
142.12019
167.67329
127.86464
170.45717
170.42815
150.51924
153.33312
150.46799
156.11945
187.31143
130.52817
170.22514
153.17654
138.96986
209.8371
155.93346
155.90689
138.87521
181.35713
141.66113
178.46262
161.43868
167.07472
186.8653
178.34103
164.15901
152.81166
183.90862
144.27295
149.90515
161.19128
147.02663
180.92502
161.10887
144.12547
169.53049
155.37645
118.63088
149.67535
146.82626
163.73984
169.35715
124.17407
174.94272
138.23761
166.42098
160.75217
214.29968
163.5166
188.85765
152.18767
185.97542
166.2224
180.27829
160.53296
205.55977
168.92441
185.78514
149.16565
149.1402
171.62264
154.71532
171.56407
177.15888
149.01299
154.60973
165.82576
165.79746
179.8174
191.02336
188.18207
176.91711
196.54102
182.47121
176.82651
151.5397
176.76613
171.12529
162.6815
168.26247
179.44931
182.22208
165.37334
193.36968
159.71289
210.11264
201.67368
218.44249
187.60445
162.3761
181.94212
184.70967
173.48549
193.03958
232.16734
184.58345
159.38573
232.04834
195.66997
215.20018
198.39742
220.71431
145.25548
217.84596
150.79065
181.47624
206.56839
200.9511
206.49776
186.93222
253.84959
198.02461
195.20213
192.38063
161.68359
206.25069
167.20168
169.95929
181.07318
150.4043
178.22646
167.05872
169.81397
150.30139
217.06487
180.85645
203.08093
189.13892
208.5734
230.78171
208.502
172.33215
236.22139
175.05176
213.91553
180.54713
219.39664
219.35907
183.23064
205.40524
210.92061
172.03735
224.71999
244.09842
205.22943
227.37744
210.70398
202.35205
205.08885
171.80177
182.85443
199.44339
152.32649
188.29866
168.88603
185.46599
199.27258
202.00565
237.93848
207.46892
188.07292
207.39781
232.24574
210.09108
198.99954
245.94338
215.50893
267.95874
232.00697
204.35205
251.25472
196.00028
212.52724
229.04852
220.7318
195.86588
215.13969
223.37598
206.79413
192.97475
261.8494
201.17607
220.42911
201.10706
201.07254
187.26833
245.05913
234.00508
250.4801
225.66861
253.14572
253.10228
242.05627
225.51373
261.22107
236.43321
233.64388
208.86926
236.31148
228.0289
247.2178
241.68257
244.38699
197.67239
249.79303
238.77211
235.98708
235.94655
224.93366
230.38026
249.53575
263.20129
249.45003
238.44423
254.84486
224.66333
257.49664
251.97469
219.07077
229.98479
251.84482
238.11667
229.86624
235.2988
248.93617
254.36357
207.83128
229.66876
273.3682
262.38837
237.74857
224.04634
275.91208
243.08862
232.12338
251.19621
202.01439
232.00365
253.79564
231.92386
261.89249
248.20955
226.34999
267.21063
242.62915
256.21591
247.99614
258.85251
288.77524
261.48727
253.27222
250.50574
255.90747
231.36588
258.54089
220.40218
225.80534
312.80896
285.55902
296.38644
269.14868
247.35671
244.59638
274.44421
228.21135
274.34973
263.43903
306.84003
247.05872
279.58972
301.25354
265.92578
246.88855
246.84602
287.48541
249.47264
328.05423
319.86554
327.94122
246.59097
306.15363
287.13886
268.13065
224.75766
270.7457
284.23398
284.185
294.96024
289.49823
265.1022
256.94254
259.60242
302.81729
273.02921
275.68494
308.06534
278.29175
275.54236
283.59763
272.74686
294.29981
264.5542
286.10111
296.84616
256.32291
331.81348
277.81213
291.24789
293.89392
310.01807
301.87854
317.99573
315.24646
334.04968
288.20282
344.70648
298.87357
285.36151
306.84528
287.95416
282.52307
293.23523
322.77203
309.26981
328.03827
373.68399
306.42172
271.43201
287.50705
343.87427
298.15195
354.49786
306.10434
292.62817
356.99838
370.35538
292.47656
295.10883
289.69315
345.96259
337.85858
321.71448
308.25641
305.52313
356.38205
353.64136
332.15112
316.02469
358.81345
323.94717
342.62869
313.12988
342.51022
369.20502
345.06674
350.35602
328.90335
382.31747
382.25134
336.75064
323.33157
307.24548
325.89099
347.20084
352.48138
328.39175
344.35129
346.96063
362.91141
408.20471
360.11832
325.38394
317.32776
317.27286
317.21796
349.14587
346.42069
386.32541
338.3092
322.27029
351.50674
391.38294
335.41299
356.64731
316.66928
364.50571
364.4426
345.76154
361.65714
372.22965
329.63202
364.12714
385.32327
364.00101
353.31201
403.71521
374.43411
392.95496
374.30438
390.16461
337.02258
352.88376
358.1282
381.93723
405.73798
392.41055
384.38965
439.98358
405.45676
402.73688
368.22846
426.43527
391.93463
370.68472
389.15146
426.13959
378.43103
394.24088
410.04523
420.55411
428.41476
417.76416
388.61191
420.26239
364.69278
380.48297
441.17801
398.84024
441.02493
440.94843
403.91257
414.40045
395.85532
427.44955
395.71793
414.11289
408.7666
419.24262
427.07871
400.64627
424.29507
447.93567
466.2991
403.00214
455.60303
431.82614
413.32275
400.09012
426.33777
413.10745
426.1897
465.57083
391.85312
449.63254
410.11981
452.10483
501.95944
446.69257
438.73349
415.01706
459.59091
449.00794
422.6767
425.22812
488.14002
406.71265
477.47635
438.04776
469.44263
435.27335
466.65775
456.09174
492.70309
500.47836
447.99432
495.06552
463.55219
455.61612
437.21066
452.84006
497.25232
465.76587
457.83621
452.52509
509.98288
504.66449
494.11914
509.71677
488.72025
504.31335
483.32504
478.01669
532.77832
509.18478
498.65317
482.9046
467.1615
532.31482
550.48468
513.87018
513.7807
524.12152
510.99469
505.69238
466.51123
508.12204
484.58585
526.17902
427.12042
515.57996
505.07623
523.20947
536.13123
549.04846
525.53772
535.85107
475.94009
540.86499
504.37268
512.08301
556.17596
540.48804
550.78607
511.72614
581.75977
527.12787
542.6134
558.09351
534.63825
576.06311
557.8017
531.76465
497.95618
601.5921
526.30133
572.86847
541.66803
531.2085
588.11365
569.87854
523.16089
600.75324
605.82642
561.71533
597.85071
626.21051
620.92688
600.12457
587.08838
545.61249
638.59131
579.02625
584.09418
571.07202
617.47687
545.04132
591.43445
627.48248
586.06439
627.26337
640.05823
601.24005
644.99469
629.40491
608.66235
642.07819
605.87158
628.96527
636.58722
685.43573
626.05933
636.25366
661.89728
651.48151
715.73206
695.01404
651.14008
702.49078
692.0769
640.5094
635.25372
696.85693
655.59949
650.34381
665.65064
665.53424
642.29529
657.59534
726.82398
665.06891
631.5766
705.90729
664.72003
633.81134
638.83167
656.6759
679.64325
682.08862
717.86243
684.41333
674.04199
755.92242
725.04614
694.18066
660.76483
699.05902
762.9419
765.3681
747.31897
711.36408
764.96631
718.789
721.22064
713.42316
705.62842
782.19019
771.83032
774.25043
774.11487
768.87054
778.9516
755.83374
786.33795
753.01642
796.27106
816.54523
778.13336
770.3446
767.65924
831.27264
782.68707
751.96167
792.60712
825.59393
807.61542
820.21008
837.89386
802.09815
863.05908
888.36231
760.95636
854.97162
816.66003
775.81818
808.74402
841.65826
851.67999
815.94428
841.21558
823.28107
795.19067
789.97101
766.97559
863.33093
774.32275
850.33649
873.02814
844.96326
834.66705
864.95905
859.73511
851.9773
869.57416
839.00446
892.07776
886.85346
881.63092
914.40485
906.64673
855.84583
860.75885
903.63812
951.56378
885.60858
910.75177
933.35663
885.14209
895.10077
846.90985
884.67578
950.2276
917.21289
959.99908
949.72693
924.30579
951.91821
976.99634
944.01141
918.60901
989.09741
951.08209
963.52655
968.40094
1061.5238
968.06055
1020.82184
960.15985
987.70734
1027.84119
1022.62293
1009.85144
989.53076
986.83929
1021.90381
956.29346
1011.47992
1086.77234
1063.94397
990.82788
1078.65576
1035.72961
1058.16858
997.66986
1032.67041
999.83093
1107.65796
1054.72669
1119.82214
1064.39697
1126.95776
1071.55078
1063.83496
1071.17358
1126.16455
1088.35046
1070.60791
1168.18604
1100.30762
1167.77466
1117.45874
1084.69605
1172.16711
1109.35596
1166.7467
1126.48828
1166.33569
1118.58423
1108.37915
1123.19312
1255.55371
1085.28748
1150.10205
1204.89453
1244.67163
1214.46545
1219.24841
1186.5592
1148.88635
1218.60376
1185.93189
1165.75269
1255.39673
1195.28626
1234.99451
1172.41431
1224.58276
1299.17542
1306.4259
1248.86243
1328.39575
1225.99524
1263.15027
1325.20203
1230.32764
1259.99182
1307.07312
1359.11621
1309.10071
1296.42798
1355.90894
1310.89526
1377.81372
1355.19128
1312.6875
1257.77014
1339.56213
1321.93189
1443.43384
1361.2085
1356.0011
1348.3125
1343.10913
1387.55164
1352.56189
1372.17358
1443.87708
1453.54382
1426.00696
1396.00024
1437.89893
1427.7301
1405.17358
1481.73779
1454.22473
1429.19836
1505.71765
1364.31543
1349.22058
1452.94031
1398.23889
1489.54163
1474.43506
1496.43543
1545.6311
1503.3241
1505.53052
1483.01904
1561.83716
1519.55701
1531.64026
1536.30933
1540.97669
1503.66797
1552.7749
1567.30945
1567.03223
1655.57886
1620.74951
1696.92297
1568.38965
1624.82056
1698.48755
1643.96338
1692.95801
1677.87537
1635.70056
1682.2074
1667.13452
1693.92249
1725.62427
1700.70654
1670.87598
1653.35767
1699.80335
1650.31274
1753.30054
1676.77307
1779.7196
1710.58765
1737.31506
1781.23096
1803.02344
1760.95203
1780.28467
1711.22559
1769.83508
1767.06726
1803.56165
1793.42847
1834.81091
1881.08374
1866.03784
1865.70715
1774.6814
1850.34106
1813.25794
1854.58496
1883.65002
1868.62183
1870.73914
1887.54468
1941.0603
1921.1377
1896.32825
1974.27808
1973.92798
1878.20044
1961.00208
2024.21668
1896.75537
2074.81909
2020.69617
1937.27661
1985.78369
2019.62085
2041.23743
2045.75769
2016.10498
1964.49939
2056.86841
2058.94287
2058.57739
2126.4939
2094.41968
2096.4856
2125.36157
2132.29492
2012.52905
2204.61914
2175.00024
2198.96582
2113.35913
2166.53882
2141.81519
2117.10034
2233.50903
2194.19092
2266.76563
2176.3894
2200.31543
2214.50977
2284.59839
2306.0625
2276.49805
2285.80981
2326.69141
2321.42139
2391.41602
2332.73315
2325.0376
2276.09351
2314.50659
2435.37891
2374.3147
2417.53931
2358.92432
2392.43994
2467.1438
2343.12744
2490.49268
2444.02759
2436.32739
2481.8999
2459.66992
2519.74487
2398.29297
2528.5271
2501.46582
2532.46484
2575.54443
2650.04175
2523.8606
2491.9895
2498.7959
2566.00464
2635.60523
2676.19678
2598.44336
2740.43506
2631.3147
2676.70508
2736.55811
2675.75195
2665.62598
2691.68213
2751.4895
2620.80322
2786.6687
2764.48071
2698.92481
2734.58374
2763.00342
2796.22949
2740.34644
2850.60815
2787.51343
2787.01685
2834.64648
2860.60596
2896.17822
2941.35767
2950.45166
2918.67139
2927.76611
3025.78027
2857.03833
2967.04224
3014.55371
2958.7793
2991.86816
3034.5481
3103.61597
3086.26318
3040.1228
3087.56128
3039.03833
3117.63623
3198.60352
3152.48364
3127.95215
3134.5835
3234.65772
3162.21216
3238.2937
3218.55762
3277.84155
3246.13574
3209.65405
3221.04614
3304.21314
3248.60254
3293.46606
3405.27124
3285.11719
3291.70215
3413.00732
3448.24243
3407.01001
3504.34131
3506.10376
3515.02905
3447.55127
3544.80518
3458.25269
3469.56592
3585.84985
3599.52124
3603.64795
3548.15991
3578.51904
3608.86694
3591.53931
3648.08472
3809.43481
3577.70361
3698.52222
3776.4375
3718.62598
3806.03052
3895.78345
3826.08398
3775.44116
3703.40942
3892.99731
3994.54224
3958.16846
3938.44556
3975.76392
3937.03638
3998.09717
4011.63257
4051.28516
3988.82837
4045.0874
4141.67529
4019.90942
4076.13232
4004.23731
4074.6731
4100.02832
4160.93799
4181.52734
4157.07813
4225.05273
4328.5415
4304.07861
4260.67725
4243.33838
4429.61182
4424.08447
4409.0918
4323.11719
4431.17041
4430.37647
4424.85303
4483.17334
4435.08789
4543.02295
4610.74365
4654.81152
4585.46729
4724.00342
4600.35449
4604.25195
4660.08447
4706.45508
4771.68799
4770.83252
4772.33594
4780.91455
4756.47559
4897.08887
4922.14111
4751.56006
4889.74121
4954.83447
4932.74463
5035.48975
5095.81152
5083.12549
5171.66406
4987.15967
5160.396
5161.82227
4963.30469
5279.91455
5255.45264
5238.05225
5166.59424
5323.12793
5291.62549
5304.77148
5275.63232
5375.66943
5372.35596
5319.74365
5436.14893
5507.92334
5497.54834
5595.09082
5502.61035
5593.08106
5688.2085
5712.97315
5683.8208
5628.90088
5571.65723
5868.16406
5747.65918
5697.44971
5698.76709
5835.85596
5830.12598
5915.65967
5912.25684
6037.51172
6020.05469
5937.12891
6024.90381
6061.2207
6258.78565
6068.3877
6172.42871
6250.73731
6205.24023
6227.47412
6417.79004
6379.28906
6364.13867
6400.32715
6396.84229
6426.01367
6499.48389
6479.66113
6590.39404
6500.63721
6685.89844
6712.65479
6699.79883
6677.63037
6692.729
6861.48975
6820.68066
6991.68457
6776.33789
6937.98096
6997.21289
6921.52734
7050.50147
6930.65918
6964.27881
7116.41504
7187.16748
7148.7002
7203.16065
7099.67578
7247.00537
7124.97656
7420.80322
7403.2207
7390.28467
7502.62891
7475.76221
7492.96729
7765.21924
7645.58838
7632.62109
7781.87647
7706.32959
7790.65332
7735.97656
7887.4209
7929.98926
7727.16211
7848.43652
8048.34473
8282.88574
8158.79004
7960.72852
8130.41016
8205.23828
8229.18555
8294.72363
8337.13086
8333.31543
8299.47266
8452.70996
8386.53125
8772.87012
8558.92871
8520.45898
8643.51953
8595.81934
8714.20898
8811.79981
8844.79492
8718.70996
8975.28418
9012.83984
9096.46191
9044.13867
9067.83984
8976.3916
9168.17188
9161.91211
9496.28613
9358.80176
9419.23047
9320.91406
9542.32129
9554.39356
9506.68457
9488.87598
9689.40625
9524.50879
9885.77832
9789.81348
9762.78125
9875.82422
9949.79785
10088.01465
10008.16309
10006.35254
10300.48047
10172.46484
10319.6875
10310.94141
10364.09473
10307.21094
10300.7627
10289.73438
10404.70215
10384.49609
10785.64746
10795.14258
10786.32129
10814.12207
10741.22754
10908.58594
10954.64746
11153.92481
11122.17871
11195.61035
11200.44043
11065.85938
11070.70996
11347.42188
11375.06055
11229.12402
11416.60547
11576.62402
11462.68457
11631.76367
11971.90625
11869.36231
11892.30078
11969.95996
12070.3916
11956.50391
11988.52441
12216.50781
12161.89063
12284.97266
12177.97949
12405.76074
12396.68164
12380.77539
12599.29102
12608.38379
12915.50488
12778.95898
13026.80664
12949.40723
12999.34668
13058.35938
13190.07324
12942.28516
13312.50586
13196.52344
13094.20703
13371.10547
13500.34473
13686.28027
13506.79102
13731.22754
13880.72168
13737.58301
13682.93359
14006.92969
14292.27246
14146.89356
14164.71875
13992.22754
14311.34082
14465.00977
14530.31348
14468.81152
14611.04883
14717.02441
14854.6377
14754.66016
14957.81055
14889.51074
14941.07031
15053.64844
15032.83008
15127.27051
15379.83496
15539.68848
15446.51953
15344.35156
15533.47266
15681.8916
15771.5752
15960.51367
15980.17285
16076.51856
16181.84961
16000.76953
16248.1084
16263.18555
16465.31055
16577.23242
16689.11133
16528.4043
16599.71484
16797.08789
17136.21484
16838.24219
17105.22461
16850.11328
17265.4668
17165.61133
17427.83789
17730.44141
17225.92383
17681.2832
17731.99414
17625.41797
17817.63477
18050.20898
18060.39453
18434.27734
18089.73047
18550.99609
18356.89063
18631.73242
18715.81641
18777.44336
18780.74805
18815.4375
19015.97461
18994.58203
19206.21484
19117.58789
19351.51758
19403.97461
19590.74805
19645.37891
19641.79688
19638.2168
19835.99414
19608.68555
19933.875
20205.2793
20062.98242
20327.55469
20455.70508
20293.32617
20734.20117
20886.77344
20786.93359
20834.49609
21031.61328
20967.50977
21090.88672
21294.53906
21716.73242
21315.76172
21454.58984
21753.89453
21819.02734
21944.31055
21844.48633
22000.91016
21976.8457
22449.4375
22541.08594
22666.0957
22539.53125
22624.43555
22867.28906
22685.13672
23363.8457
23059.35547
23139.63477
23239.89063
23220.08594
23535.8457
23840.38281
23711.625
23973.81445
24029.39063
24282.54297
24446.81055
24326.93164
24211.53516
24431.1875
24457.77539
24746.05078
24748.17773
25182.61328
25279.96875
25193.34766
25383.72656
25613.91211
25593.7207
25478.3125
25712.77734
25887.38672
25845.02344
26163.38086
26333.38281
26423.68359
26410.00195
26489.19727
26734.17969
26658.55078
26887.94141
26933.8418
27114.49023
27538.04688
27546.25586
27298.32422
27593.56836
27665.76953
27581.25586
27922.61523
27913.08984
28005.02539
28480.63672
28184.38086
28512.08594
28852.89453
28856.42188
29141.95898
28914.13477
29027.76563
29559.73633
29435.43164
29555.50391
29756.96094
29764.70898
29684.45313
30154.12109
30139.79492
30338.75586
30374.96094
30655.12695
30557.20703
30628.50391
30708.56055
31082.89844
30963.00586
31126.38477
31351.16406
31167.63867
31251.88867
31871.42773
31733.9668
32024.2168
32145.51758
32216.34961
32280.57813
32566.12695
32398.00586
32849.91797
32846.07813
32993.34375
33017.9375
33309.59375
33482.95313
33535.88672
33593.17578
33576.07031
33482.41797
33942.03516
33813.36719
34233.40625
34375.73047
34393.45313
34529.13672
34688.79688
34756.67578
34525.39063
35128.125
35049.64063
34969
35213.48828
35457.88672
35392.48047
35630.20703
35492.83984
35909.21094
35643.25
36059.4375
36139.95313
36466.58203
36660.23828
36633.89844
36936.30469
37179.82813
36696.38281
36774.48828
37261.55469
37200.32031
37195.65234
37545.38672
37516.73828
37827.16016
37833.23438
37984.875
38071.29297
38201.10938
38311.33594
38341.19141
38464.37109
38513.71484
38732.28906
38527.73438
38917.57813
38880.05078
38593.17969
39418.53516
39268.22266
39482.02734
39182.25391
39339.66797
39834.90625
39691.14063
39995.59766
39983.89453
39918.08984
40339.18359
39728.13281
40307.00781
40530.98438
40393.77344
40384.16406
40562.60547
40812.29688
41219.62109
41093.20313
40826.4375
41106.12109
41232.40234
41274.44531
40984.09375
41434.00781
41365.95313
41358.32031
41171.68359
42071.89453
41604.91797
41752.4375
42173.60156
41986.97266
42177.42188
42292.40625
41961.57031
42412.44141
42202.25391
42261.18359
42567.5625
42669.42969
43018.63672
42638.61328
43019.95313
42401.41797
42892.28125
43030.5
43016.10547
42840.58203
42905.69922
42846.23047
43016.52734
43238.28125
43352.63281
43374.66406
43291.55078
43377.9375
43492.17188
43258.96875
43446.07422
43787.44922
43492.16016
43291.26563
43456.79688
43650.10938
43616.33594
43571.86719
43548.82031
43596.41406
43960.71875
44190.08594
43354.01953
43591.96484
43613.83594
43956.40625
43640.44922
43854.64453
43690.53906
43611.94531
43815.34375
43975.95313
43696.62891
43485.72266
44118.01953
43753.45703
43798.69531
43244.45703
43874.1875
43578.17188
43356.88672
43549.23828
43421.81641
43573.58984
43831.83594
43546.79297
43657.99219
43628.60938
43177.69531
43242.06641
43502.20313
43183.48047
43360.55859
42916.48438
43340.23047
42824.03125
42826.71875
43156.71875
42844.83594
42943.125
42890.55078
42959.05469
42545.50391
42461.18359
42631.60938
42670.39063
42596.69531
42313
41893.65625
42051.29688
42234.32031
41976.33203
42241.95703
42013.73047
41777.10547
41843.49219
41513.79688
41539.97266
41297.25391
41592.28125
41161.28516
41394.86328
40972.51953
40799.92578
40807.15234
40869.34766
40538.30859
40668.16406
40379.55078
40378.38672
40212.44922
39934.63672
39868.08594
39767.78125
40102.35156
39603.15625
39517.72266
39208.69141
39363.81641
39071.79688
39125.67969
38953.96875
38788.64453
38279.88281
38641.48047
38299.35156
38292.23047
38133.48828
38006.39063
37664.625
37556.59766
37768.44531
37536.3125
37222.22656
37360.41016
37059.08594
37098.4375
36933.89453
36462.59375
36308.73047
35972.16406
36101.98438
36198.16016
35767.31641
36130.10547
35479.06641
35474.55469
35287.52344
35320.80469
35150.64844
34580.06641
34735.04688
34544.12891
34292.50391
34214.87891
34116.33203
33747.63672
33605.23438
33580.12891
33389.66016
33190.89453
33398.14063
32734.99609
33182.79297
32440.46484
32377.96094
32227.67578
32221.66602
32029.66992
31589.10742
31712.73242
31439.47852
31241.5
30887.00781
30993.9668
30950.61719
30523.3418
30442.54102
30480.66211
30220.54688
30362.94727
29919.49609
29567.91602
29408.1875
29398.53125
29190.97852
28989.75
28544.95898
28768.64648
28661.27539
28620.54297
28215.68359
28304.0332
27643.53711
27756.91406
27483.50586
27580.23438
27352.68555
27081.58008
27354.93164
26662.23047
26663.47852
26313.79102
26406.45117
26119.21289
26301.11328
25922.70117
25575.54688
25458.75977
25354.45508
25351.78906
24984.26563
24898.75977
24622.63672
24908.09375
24559.56836
24136.61133
24067.9043
24005.43164
23849.83594
23594.95703
23456.04688
23422.69336
23350.05469
23174.03906
22822.3418
22832.54102
22671.1875
22594.61719
22032.54883
22078
21881.79297
21861.17773
21824.05078
21415.39453
21279.30273
21196.91016
21009.33398
21100.27734
20830.30078
20820.21289
20740.03906
20513.56055
20367.53125
20287.48438
19892.30469
19814.43555
19621.2832
19671.13086
19453.37695
19575.26563
19044.85742
18942.54102
19142.61328
18814.11133
18853.75977
18523.37695
18443.85742
18458.89258
18350.65039
18193.15039
18050.08594
17878.32617
17626.56641
17592.4707
17671.25586
17514.05664
17391.78711
17218.28906
17128.92969
17012.95117
16856.01758
16717.58789
16642.73242
16596.58398
16458.27734
16360.98242
16382.48047
16268.85645
15913.75391
16139.96191
15541.54004
15540.66602
15566.37988
15473.48145
15368.34961
15140.61133
15172.50977
15263.65137
14856.28027
14941.31738
14734.29199
14739.68945
14442.95606
14464.73242
14319.16895
14275.6709
14122.03613
14158.13086
14082.06055
13914.27539
14074.72559
13536.0957
13828.99805
13559.52441
13459.20703
13511.6582
13344.19629
13323.36426
13044.06055
13039.57031
13026.94434
12833.28418
12712.91211
12854.88672
12795.54395
12661.0166
12741.95313
12682.66309
12353.21191
12419.94238
12332.31445
12155.38574
12165.27637
12203.5752
12107.93555
11961.61231
12044.55078
11748.2207
11705.45508
11591.75098
11547.00195
11435.39648
11532.51953
11283.20898
11175.76563
11230.35742
11062.22559
11216.00195
11017.57813
11108.57813
11027.58496
10762.55957
10819.17578
10697.84375
10720.08398
10588.70898
10524.06836
10431.16602
10415.05859
10503.97559
10273.82129
10419.25781
10177.09473
10203.42676
10104.65137
10143.08984
9935.44727
9879.125
9967.98731
9939.90039
9875.5459
9887.78613
9825.47949
9726.93848
9666.69824
9509.83203
9520.11426
9564.60938
9492.36914
9571.05566
9438.49219
9404.52832
9469.10938
9244.15723
9196.17871
9292.91602
9309.24414
9225.11719
9189.22754
9113.18652
9057.25293
9029.44336
8859.14356
8967.83496
8990.21484
8888.21875
8798.29395
8820.69141
8911.24316
8743.19141
8801.6582
8719.84668
8772.28516
8670.48145
8566.71289
8681.21484
8505.41992
8563.85059
8452.17481
8548.60547
8448.97559
8411.37793
8355.79981
8340.22363
8332.64844
8215.16699
8193.63184
8267.98731
8258.43262
8370.6875
8315.19727
8239.76758
8216.25391
8116.92676
8023.62158
8111.85596
8108.32471
8228.40918
8037.4751
8177.45752
8100.18604
8056.8125
7927.80273
7999.98584
8030.32764
8052.69434
8033.25342
7884.46826
7952.61035
7931.20898
7840.20459
7864.56787
7825.30127
7958.98438
7879.96631
7814.88672
8018.02637
7893.35693
7786.60791
7765.2749
7797.54785
7688.8916
7834.2749
7558.99707
7769.80811
7611.65723
7749.01221
7731.68066
7716.3374
7605.87647
7794.64209
7757.50342
7750.08789
7756.53662
7671.90918
7735.77393
7655.14014
7622.02588
7737.29981
7530.12061
7643.38965
7671.59522
7670.13672
7625.19629
7550.63135
7707.25244
7533.93262
7652.97266
7653.4917
7586.88721
7731.5083
7546.50586
7588.47803
7539.68945
7709.84815
7582.17578
7704.94287
7701.50537
7770.98975
7535.02637
7714.83984
7723.22022
7654.79248
7604.11133
7647.94141
7687.81738
7627.31885
7610.12647
7773.9126
7601.32813
7743.42285
7798.96094
7695.26514
7664.3208
7786.64551
7739.97949
7746.36084
7770.41309
7772.85938
7630.04443
7950.45508
7782.15137
7780.66797
7761.53174
7852.22363
7795.82666
7825.70557
7769.33447
7905.0249
7928.98731
7827.57373
7900.50293
7989.06885
7966.00977
7978.1919
8150.84131
7992.75732
7948.19531
7891.91406
7941.25098
8088.32471
8092.64502
8132.14209
8087.60205
8205.22949
8256.40039
8059.53662
8288.39356
8312.18848
8230.5791
8266.08398
8223.53418
8169.2959
8358.86231
8450.86035
8314.72852
8350.17383
8500.58398
8448.30078
8520.71191
8285.36426
8445.40625
8400.95898
8638.7793
8584.58106
8629.63965
8612.42578
8612.72461
8624.69043
8673.59375
8846.88965
8720.80957
8761.8916
8709.70313
8770.19531
8861.73828
8801.79102
8873.87793
8868.29883
8926.75977
9064.74805
9070.77344
9146.61621
8968.40625
9063.62695
9032.81641
9145.42969
9194.05664
9159.36328
9198.28418
9349.50781
9270.27148
9510.46777
9400.26367
9352.02246
9472.11523
9667.59863
9311.83789
9739.30273
9451.32617
9584.81152
9582.97461
9851.62793
9824.62793
9639.26856
9720.45215
9954.12109
10052.58398
9846.09277
9963.83203
9929.12695
10002.44434
9979.31348
10148.99219
10262.70313
10139.31738
10199.03223
10281.84277
10347.28613
10451.21875
10354.86816
10476.08398
10400.93555
10612.53711
10460.43359
10593.0752
10564.11719
10700.53223
10850.35254
10729.09961
10880.77734
10895.97949
10903.49219
10970.54004
11049.08398
11041.20215
11179.20508
11100.29199
11073.21484
11255.25391
11513.94434
11385.16602
11428.99316
11539.89551
11564.50879
11548.87305
11560.06348
11774.28809
11806.49609
11748.69922
11769.41211
11887.72949
11893.09863
11898.46387
12001.38379
12284.03906
12172.68457
11994.45996
12341.93945
12492.44727
12428.90234
12476.17871
12657.13184
12563.03711
12583.5293
12712.81641
12639.75684
12784.24707
12793.23242
13027.28223
12999.98242
13142.38281
13010.22656
13173.53418
13353.92773
13507.57813
13354.49805
13529.03711
13554.99219
13826.51172
13785.78125
13805.96094
13789.98242
14040.32031
14248.7207
13983.56836
14218.51367
14130.23926
14159.82129
14170.3916
14370.92383
14558.08203
14492.61035
14662.58398
14599.01367
14675.90723
15005.13184
14744.23242
14860.88281
15129.19531
15124.38086
15053.21973
15402.83398
15322.1709
15457.51465
15517.03906
15476.16797
15851.86816
15733.33106
15756.79102
15914.59863
16064.77539
15978.44238
16049.11523
16352.33887
16243.31152
16245.84473
16484.59961
16594.7793
16546.23633
16818.78906
16885.40625
16646.14844
17054.42773
17000.17578
17045.94922
17225.64453
17576.91016
17458.47852
17506.00977
17585.56836
17499.24219
17691.82617
17876.80078
17909.13086
18122.23828
18252.41602
17981.57031
18151.24805
18300.16016
18482.87695
18460.49023
18447.51563
18647.01758
18880.2832
18805.20508
19090.96484
18985.81055
19139.92773
19164.39453
19438.59375
19414.17773
19305.30469
19472.34375
19626.18164
19830.61133
19933.67773
20231.72656
20115.31641
20311.99023
20386.76758
20478.37891
20260.84375
20427.36328
20444.00391
20863.18555
20619.53125
21064.71484
21127.99609
20946.16797
21174.04883
21257.83984
21489.30859
21492.61914
21510.87891
21633.7793
21638.92383
21935.46875
21983.50586
21893.34766
22107.52539
22274.95313
22328.48242
22548.04297
22517.55273
22912.30469
22501.35352
22845.61719
22986.57227
23261.65234
23003.73242
23081.23242
23637.37305
23621.60938
23518.3457
23668.2793
23762.31836
23567.9082
23981.91211
24051.65234
24177.1543
24421.59961
24322.04883
24659.29688
24489.125
24686.86914
24717.36328
24874.12695
25077.24609
25131.77539
25173.28906
25257.4668
25343.46484
25412.73438
25598.81445
25773.69531
25587.00391
26049.10938
26014.39063
26163.10938
26461.81641
26264.05273
26353.37891
26483.39844
26441.22461
26782.14453
26795.43359
27108.40039
26770.20508
27338.23828
27085.17383
27377.50195
27636.44922
27695.73633
27721.74805
27599.98633
27971.33008
27679.70313
28248.39844
28342.55664
28418.22266
28246.64844
28634.02344
28840.51953
28388.70313
28847.71094
29125.91992
28792.24023
28895.32617
29173.35742
29524.94531
29325.85547
29717.77344
29481.9082
29947.24609
30154.82617
30106.63672
29918.69141
30085.69727
30484.27344
30518.76172
30698.41211
30639.14063
30605.60547
30981.64648
31120.66211
31233.91992
31284.72266
31652.99023
31571.58203
31462.68945
31761.00391
31593.43359
32089.60742
32105.33594
32386.79297
32464.75391
32681.9082
32798.23828
32866.91016
32679.23242
33238.47656
33054.45703
33307.82813
33489.75
33717.32422
33935.66797
34060.67578
33852.93359
34264.84766
34486.5625
34543.75781
34807.33984
34809.66016
34802.85156
35263.375
35157.91797
35318.92188
35459.79297
35808.55078
35549.86719
35860.17578
36301.62109
36281.75781
36243.67578
36446.10547
36930.79688
36974.5625
37131.19922
37338.75
37648.14844
37549.78516
37915.41406
37971.65625
38111.53906
38727.77344
38978.34766
38656.25391
38881.29688
39255.23828
39332.92578
39701.17969
39791.45313
39881.69531
40227.83594
40361.50391
40691.08203
40717.57031
40811.15625
41066.09766
41509.49219
41396.21484
42120.27344
42300.45703
42313.89844
42637.05859
42663.10156
43083.83203
43285.35938
43343.83203
43811.21875
43876.79688
44213.66016
44752.92969
44570.57422
45201.75
45521.81641
45491.19531
46006.1875
46134.42969
46336.66406
46394.37109
46841.98047
47413.94922
47397.41797
47703.83203
47939.77734
48125.13281
48514.16016
48674.08594
48985.34375
50202.90234
49757.02734
50120.12109
50891.89063
50887.28906
51525.37891
51401.85156
51407.94141
51914.20313
52432.85547
52712.09766
52888.73828
53653.17969
53825.96484
54120.87891
54548.62891
54686.99609
55347.94531
55455.56641
55857.57422
56185.82813
56668.28516
56779.13672
57455.02344
57814.97656
58271.61719
58744.20703
58983.58984
59061.57813
59766.66016
60106.00781
60946.71875
60700.12891
61361.34766
61589.12109
61444.55078
62434.45703
63137.73438
63356.02344
63601.04297
64103.42188
64244.51563
64834.13672
65098.3125
65748.26563
66133.60938
66634.875
66784.21094
67244.08594
67585.98438
67972.35156
68367.48438
68298.70313
68688.25781
69393.24219
69515.03125
69795.38281
70298.36719
70936.53906
71275.21875
71487.32031
71888.0625
71957.53906
72503.96875
72559.05469
72564.29688
73302.375
73517.3125
74173.11719
73838.47656
74431.74219
74575.19531
74564.01563
74687.82813
75005.17188
75064.92188
74892.09375
76421.44531
75650.38281
75660.27344
75645.3125
75899.92969
76095.92188
76220.92969
76003.79688
76201.41406
75720.375
76373.21094
76002.125
75691.39063
75610.91406
75951.71875
75851.75
75325.41406
75754.50781
75573.27344
75172.83594
74848.57813
74911.53906
74795.97656
74274.08594
73791.26563
73552.35156
72986.85938
72827.64063
72728.49219
72862.32813
71872.1875
72104.91406
71289.92188
71095.9375
70434.82813
69802.1875
69774.25781
69039.79688
68601.57031
68096.58594
67598.84375
67043.19531
66262.45313
66187.72656
65571.09375
64611.66797
64326.24219
64392.61328
63644.95703
62850.13281
62301.65625
61763.9375
61363.45313
60437.96875
60058.97266
59286.85156
58994.23438
58229.64844
57646.08594
57162.74609
56234.09766
55502.21484
54905.62109
54416.18359
54095.17969
53355.53125
52850.91797
52052.25391
51313.44531
50637.95313
49880.45313
49571.27734
48851.03516
47922.89453
47479.60547
47429.94922
46495.64453
45726.02344
45094.76563
44897.09375
43960.52734
43333.48828
42509.36328
42158.71094
41750.58984
41255.36719
40500.35547
39771.80469
39509.24219
38833.49219
38022.01953
37813.99219
37264.45703
36777.86719
36122.48438
35496.97266
35054.55469
34540.92578
34001.39063
33782.29688
32754.17773
32773.75
32186.28711
31425.1582
30999.88672
30586.95313
30344.5
29846.71484
29566.28125
28832.62695
28849.45703
27928.72461
27819.00586
27315.36719
26824.07227
26483.9043
25857.67969
25668.70508
25048.0918
24824.68164
24674.15039
24263.76563
23687.23242
23365.53906
23213.68164
22975.31641
22376.99023
22104.26953
21852.42188
21564.3418
21091.30469
20832.88672
20512.33008
20205.72852
19918.25977
19713.8457
19357.48438
19111.80664
18679.72266
18480.89258
18399.52344
17938.49805
17456.94922
17431.03516
17053.26758
16858.44336
16465.42188
16362.15332
16208.94434
15919.6709
15632.23535
15586.05078
15245.41113
14901.46289
14795.20215
14484.17969
14410.73535
14122.27637
13816.7334
13755.50195
13529.24023
13380.42188
13291.81445
12912.85254
12791.73145
12677.52832
12407.10156
12035.48438
12158.38477
11797.26172
11606.15527
11447.71875
11433.41992
11232.20996
11139.0918
10872.88184
10911.83594
10549.82227
10545.99609
10446.25586
10069.13867
10130.46875
9897.35254
9729.36328
9626.46094
9588.60645
9236.05664
9182.9043
9075.0625
9045.89356
8938.12207
8741.54199
8640.70606
8447.67969
8403.29492
8299.17188
8193.38281
8050.09082
7937.56836
7937.68213
7630.78955
7561.04883
7626.02295
7467.67334
7167.93652
7149.45947
7226.38672
6977.97363
7037.87549
6784.49121
6806.95947
6793.68018
6545.60107
6510.26367
6531.06641
6276.38672
6326.1294
6154.88135
6238.61621
5985.89746
5976.20117
5842.52441
5744.56055
5734.91748
5655.68506
5511.99658
5532.9458
5375.76807
5391.64746
5278.64844
5230.11768
5146.01123
5178.86914
5023.64502
5002.30713
4936.94238
4910.54981
4777.51172
4729.15723
4677.4375
4630.81445
4503.01318
4503.79785
4418.34619
4456.33984
4299.94141
4363.2915
4257.66113
4248.35791
4058.34912
4104.81055
4085.41382
4059.27319
3891.39233
3895.66992
3888.1377
3868.80298
3788.77466
3713.83545
3691.17603
3609.5459
3570.06812
3569.34863
3577.04956
3480.35352
3445.98315
3340.93677
3249.39429
3260.51611
3359.10083
3180.15942
3184.56201
3183.91968
3178.23535
3054.92651
3091.271
3090.64722
3058.11548
2951.71997
2956.1604
2910.24829
2871.06665
2855.38818
2799.45972
2855.91211
2734.6167
2678.74609
2648.0376
2637.44898
2616.81274
2599.53442
2542.07227
2506.39868
2470.7395
2513.75391
2409.50342
2425.74585
2416.89258
2354.53076
2414.24365
2271.67163
2267.86987
2185.53735
2168.38965
2259.81348
2154.15356
2138.69214
2118.229
2111.125
2142.3999
2078.57495
2033.12219
1997.69287
2007.29175
1966.8811
1969.81604
1949.42322
1885.72681
1976.94751
1949.90466
1862.93897
1884.20007
1850.53552
1756.98718
1808.1991
1752.94922
1760.9082
1767.20129
1700.35815
1751.52918
1744.52844
1629.55774
1587.70789
1599.00916
1694.97144
1663.09216
1553.23218
1518.07617
1577.48389
1553.94605
1606.68982
1518.50305
1463.50024
1537.7721
1434.74194
1470.89185
1434.15979
1435.52454
1382.26038
1421.70154
1360.18799
1321.86084
1404.29541
1356.05237
1337.58984
1325.74695
1285.81262
1341.73242
1258.85779
1230.52307
1279.81433
1261.39294
1229.77332
1196.51611
1209.47339
1210.87732
1202.3844
1184.00085
1159.02979
1148.90405
1132.19031
1158.32324
1130.08276
1095.26563
1139.5033
1099.75928
1081.42957
1059.8158
1100.73377
1065.96472
1050.94592
1032.64441
1002.84222
991.13245
987.6441
992.37213
1000.38348
978.82959
968.77838
897.98962
951.9707
902.547
900.7226
887.41657
892.15582
905.09137
909.82501
880.13788
891.4292
912.54578
843.56433
890.88446
833.39667
825.04187
813.41718
809.9787
803.26965
790.02069
784.95367
830.57324
792.80689
759.9588
767.97376
740.04504
767.66052
698.91846
780.40863
778.61707
802.93805
721.19147
703.09973
706.21826
691.39819
699.40869
674.8161
708.90112
718.53235
698.83777
657.97858
669.24249
680.50177
659.20319
628.14929
605.24298
658.79932
642.40137
621.13214
651.89288
617.62763
576.87634
638.49591
623.7464
584.6427
586.14685
581.15698
587.53021
580.91937
590.53467
551.48547
574.07629
565.85211
543.04205
572.10333
591.4306
534.6087
545.83716
506.86072
553.70892
569.78259
490.36588
525.86231
530.60779
504.62116
510.98602
509.26465
502.69486
478.35114
550.96057
489.46292
515.20355
490.87711
476.24698
500.36038
469.59689
448.5264
466.17828
466.08273
411.16516
417.52921
454.51389
441.52933
460.77188
423.62991
441.25778
428.28647
424.9791
418.45416
442.50494
452.06683
410.15442
429.36768
392.30045
403.47214
393.74655
379.20456
359.84909
375.83661
391.81754
394.94803
380.42059
389.97141
352.98801
356.12384
368.88135
404.08261
354.30124
370.2569
363.77075
378.11566
354.01013
321.90683
337.85266
344.18668
355.3197
329.64328
308.77707
350.30191
331.03922
327.77335
342.09302
306.86145
337.15857
314.72311
319.4501
324.17517
328.89822
343.19693
306.41977
304.76111
299.91254
322.18012
314.14066
314.07599
293.28976
309.16574
285.20245
262.84195
293.04825
304.13416
265.86356
264.21713
289.62415
273.65436
279.96069
278.31265
281.43536
282.96704
246.3531
262.19278
262.13873
249.37755
258.85452
257.21341
266.68481
263.45566
253.88077
249.06912
252.18994
250.55214
248.91499
221.91661
255.15144
259.85217
234.45235
251.82587
234.35558
232.72403
234.25882
197.81288
238.90862
234.11372
229.3208
238.76062
251.35826
221.27602
238.61269
229.08405
203.76369
238.4648
211.57404
227.31616
252.5213
203.55322
205.08875
186.11899
198.69614
228.61096
211.22438
189.11704
174.89708
218.96996
182.69972
203.13266
192.07021
188.88243
209.30138
207.68469
218.65302
201.30786
204.41098
199.65247
194.89591
186.99847
183.81757
207.34099
171.17793
178.99306
169.53725
186.76622
166.32874
189.82648
170.96529
153.68005
164.62308
195.93924
189.62987
186.45683
170.75279
145.65796
172.24789
172.21217
176.87219
175.27058
170.54047
168.94083
170.46973
165.74352
165.70912
176.61552
157.82713
151.54511
170.25761
170.22228
157.69615
151.41933
132.6595
170.08098
154.44515
163.77144
146.58398
168.38066
169.90445
157.40169
157.369
160.45187
151.07376
151.04237
160.35188
150.97961
116.71255
155.58438
157.10756
136.85735
144.60326
124.36404
149.20581
146.06697
127.39363
132.0269
124.23477
142.84027
138.15369
145.88477
124.13142
155.13197
134.93674
158.16876
128.67917
139.50258
133.27472
151.83957
111.53238
140.93518
122.32484
126.94365
136.20383
134.62801
134.59996
126.83791
136.09038
128.33122
137.5795
109.73156
142.15775
105.05121
129.7421
134.34773
115.79286
128.11739
112.65806
132.69278
104.89799
106.4184
143.40358
147.99863
132.55444
126.36275
124.79569
118.60819
140.14406
118.55869
115.45514
115.43104
140.02708
110.76753
101.51571
119.94806
89.17352
121.43512
132.16759
130.60347
98.31619
115.19021
90.59737
102.86026
104.37367
118.16313
116.60417
133.45319
124.22355
127.26419
102.70985
124.14565
124.1197
130.22183
117.94099
117.91632
102.58105
114.80551
114.78149
120.87788
110.14413
91.76757
110.09804
129.94965
117.69445
113.08527
119.17304
87.06976
111.48705
87.0333
106.86062
93.10189
91.55645
103.74224
106.77112
115.89864
100.62773
71.64413
108.20568
108.18301
97.49664
94.43007
97.45577
114.18204
98.93702
91.30734
114.11023
111.044
94.29157
89.71025
92.73182
118.55024
101.81025
107.86584
104.80537
82.00438
100.20654
94.11366
84.98805
72.8316
107.70747
109.20155
101.59676
95.51122
56.08212
104.5636
96.96616
99.97534
96.92542
107.50405
83.26029
83.2428
84.73849
80.18208
92.26563
86.1973
78.61961
89.18427
80.09783
92.16869
93.65995
63.43372
84.5605
87.5621
64.90308
84.50716
98.06802
88.99686
96.51865
76.89712
81.40334
96.45773
91.91692
67.79329
85.85342
78.30593
75.27831
79.77821
91.80086
84.25845
81.23211
102.27074
94.73087
84.18747
79.66065
99.17914
73.61748
85.61861
88.6041
79.57673
79.55996
84.04562
97.53239
76.50928
71.99355
86.97385
107.94477
80.94151
112.39504
107.87647
112.34762
74.88261
82.35349
91.31823
70.3451
77.81219
88.26827
62.82178
94.21277
100.17338
64.2768
70.2412
71.72054
74.69312
73.18379
74.66157
53.74497
59.70402
77.59882
62.66273
98.44919
73.07562
67.09607
64.10047
53.65417
73.01384
77.46769
75.96186
65.52187
87.84028
86.3332
66.96848
92.24817
69.91527
83.28568
86.24191
69.8709
57.96571
65.38336
68.34087
68.3264
72.76706
59.3891
74.22066
90.53003
86.0595
57.85534
66.74202
77.10777
59.30111
51.87748
56.31218
63.70818
68.13849
74.04787
72.55154
90.30011
217.56233
1623.23315
150.64832
84.30725
65.06548
78.3577
69.47228
63.54627
60.57777
54.65615
59.07519
51.67982
54.62136
57.56165
72.3057
64.91378
57.525
79.63309
63.39807
48.644
60.42365
75.14516
60.39799
53.02111
64.78982
70.66479
60.34668
61.80542
58.84979
64.72102
55.88354
70.57473
70.55973
55.84791
49.95856
74.9219
61.68727
64.61102
46.97984
54.30888
63.1023
57.22014
48.40674
41.06365
48.38614
68.89893
61.55616
57.14712
65.92495
62.98154
60.03938
57.09847
40.98505
68.78168
65.84077
38.03323
52.65018
45.328
51.16587
46.77025
65.75665
65.74264
71.57118
51.11137
52.56049
56.92839
67.132
48.14964
53.97445
32.08607
51.03514
69.97611
45.18327
65.57462
58.27612
55.3505
77.18291
59.69479
66.96035
43.66047
55.29146
64.00803
49.45019
31.99035
45.06768
49.41852
56.67384
62.4732
49.38686
69.70773
52.26963
55.16171
40.63679
50.78513
62.37983
60.91611
44.95228
57.99054
66.67487
59.41489
44.91385
52.14687
53.58393
59.36409
66.58936
70.91698
40.51532
46.29332
41.94434
47.71955
57.8295
50.58999
54.91452
36.12024
44.77951
44.76992
51.97974
56.29933
57.73053
41.84567
63.47639
57.69345
38.93473
47.5767
34.59383
