64.96843
64.96843
59.05236
70.85101
41.32287
82.63195
106.22337
112.10597
23.59732
100.2719
64.871
100.23847
76.64018
41.26091
64.82776
88.38676
106.04643
111.91925
70.67407
117.77048
76.53806
94.18499
88.28371
64.73061
41.18534
70.59168
23.52664
47.04544
47.03761
11.75744
146.94357
105.78175
17.62736
135.12056
5.87383
52.85566
99.82185
76.32165
41.08943
99.772
129.09522
88.00481
29.33006
111.43566
64.50465
70.357
82.0695
70.33358
87.90235
46.87346
-17.57462
82.00125
40.99381
93.68454
46.83448
35.12001
46.8189
70.21667
70.20499
35.09666
5.84847
70.16998
46.7722
105.21996
40.91207
64.27971
128.53804
46.73333
70.08835
40.87808
29.19377
11.67557
99.22583
75.86597
52.51387
23.33562
104.99283
75.81555
52.47897
40.8102
17.48718
34.96854
93.23396
64.0877
46.6015
40.76954
29.11626
29.11143
87.31977
75.66457
46.55508
23.27367
0
58.16487
40.70865
46.51645
29.06795
75.56413
104.60989
69.72835
87.14597
81.32274
46.46242
46.45471
232.23502
58.04912
63.84343
87.04479
98.63438
34.80636
81.20137
40.59395
81.17443
75.36375
52.16625
104.3152
46.35462
40.55357
110.05571
81.08023
40.53339
81.05335
75.25134
52.08844
86.79968
11.57137
17.35418
75.18898
52.04528
80.94591
11.56179
46.23947
63.56874
75.11424
51.99355
121.29817
34.65088
115.48379
-5.77323
115.44553
138.51167
75.01473
121.15756
40.37917
23.06999
63.43195
46.12469
132.58652
74.9278
115.25444
86.42651
120.97708
46.07888
69.10687
46.06362
80.59798
86.34069
103.59168
103.57452
23.01275
86.28353
115.02567
115.00663
63.24318
91.97485
91.95963
126.42357
63.20132
74.68012
166.56654
91.88358
97.61015
132.03894
34.43924
68.86709
97.54557
137.68861
40.15254
91.76205
63.07597
40.13262
63.05512
108.89536
74.49503
34.37664
120.29834
11.45509
120.25857
114.51303
120.2188
85.85638
57.22813
85.828
57.20921
80.07965
45.75224
45.74468
85.7571
34.29717
91.44401
22.85722
97.12715
108.53594
108.51801
119.92114
51.38628
91.3383
85.61551
91.30813
68.46979
79.86823
28.51965
142.57472
102.63684
114.0221
51.30148
79.78912
113.96563
51.27607
96.8388
56.95459
74.02875
125.25874
28.4632
62.6087
119.50597
62.58803
68.26658
45.50354
28.43502
51.17459
90.96204
85.26284
102.29852
79.55239
51.13238
153.37184
45.43601
45.42852
85.16441
96.50375
45.40604
34.04891
102.12988
17.01884
62.39212
96.40829
73.71182
51.02285
107.69714
107.67938
33.99841
73.65107
107.62613
39.6452
130.2413
73.60252
147.18077
45.27892
79.22506
135.79199
84.85601
67.87362
84.82804
101.77688
101.7601
84.78611
73.46919
39.55381
67.79536
112.97366
56.47752
118.58327
62.10481
67.73954
84.66048
56.43102
67.70607
78.97741
73.32409
45.11509
140.96143
84.56293
45.0928
39.4497
107.06014
95.77487
78.86044
84.47942
152.03792
146.38278
67.55016
101.30856
112.54654
118.15442
73.13117
39.37184
50.61261
67.47237
78.70481
78.69186
101.1586
106.76096
129.21568
73.02293
44.92979
78.6142
89.83003
129.10942
95.413
106.62052
106.60298
123.41473
78.52373
78.51082
100.92587
100.90928
84.07723
100.87609
117.66942
84.03577
44.81171
44.80434
111.99243
83.98052
78.36893
27.9843
100.72692
145.47054
72.72331
95.08408
61.51488
33.54806
111.80848
44.71604
95.00597
106.1657
50.28075
128.47414
100.52846
33.50398
50.24771
145.13622
27.90622
150.66885
133.90587
100.4129
61.35336
72.49661
117.09068
89.19729
100.33047
72.449
122.58585
83.56754
94.69433
133.66415
122.50536
77.94515
116.89854
94.61661
150.24876
111.27712
89.00708
83.43044
116.78344
88.96325
83.38936
66.70054
144.49411
94.46142
100.00156
55.5473
83.30728
72.1878
49.96796
55.51085
83.25262
99.88675
94.32201
105.40142
83.198
116.45808
88.71542
105.33228
99.7721
144.09163
127.44476
99.72302
38.77482
49.84516
16.61233
77.51148
127.31941
71.95135
105.14242
27.66452
127.23592
66.37308
60.83201
22.11711
116.09577
60.8021
99.47804
116.03869
110.49492
132.57217
93.8899
110.44061
149.07037
99.36397
110.38631
71.73935
55.17507
110.33206
60.67269
0
60.65281
82.69482
49.60877
148.80193
104.69531
55.09377
88.13559
82.61358
71.58671
71.57498
121.10706
121.08723
121.0674
77.03027
159.53658
71.50468
76.99244
82.47839
93.46021
98.94166
27.47929
65.93951
131.85742
109.86321
76.89166
115.3186
82.35695
109.79128
43.90933
71.34098
120.71113
131.66332
71.30595
54.84176
43.86623
169.95381
104.1482
120.57292
98.63443
76.70312
87.64636
169.78705
76.66547
136.88023
93.06333
114.94179
76.61532
93.01767
114.88539
82.04757
147.66147
114.82903
82.00732
98.39269
54.65367
131.14735
32.78148
109.25372
71.00331
98.2962
136.50018
38.2138
103.70622
109.14659
98.21587
114.56646
147.27565
10.90752
103.60455
59.97178
87.21742
59.95217
38.14515
130.76199
92.60794
119.82598
147.03513
92.56255
70.77156
130.63384
92.51718
76.17817
76.16573
152.30656
146.84305
108.75486
125.04766
103.28337
97.83142
81.51286
103.23277
76.05383
86.90446
81.45963
119.45461
97.71963
130.27156
124.82319
146.50765
97.65582
37.97106
75.92972
140.98932
97.59205
113.83881
124.66024
102.96339
102.94658
113.76449
146.24475
64.98706
86.63527
140.75932
64.95524
97.41696
102.81223
146.07774
32.45643
151.4386
140.5986
70.28783
59.46462
10.80998
140.50687
48.62906
37.81643
97.22638
97.21052
53.99703
151.16704
134.94855
134.92653
118.71598
113.30132
80.91631
91.6902
129.42387
75.48495
102.42715
156.31068
102.39375
107.76531
48.48649
91.57065
107.71261
43.07802
75.37424
102.27693
123.78873
75.33738
91.46619
129.1077
96.81499
59.15507
123.66771
118.27157
107.50208
80.61342
107.46704
85.95963
123.54682
69.81944
96.6573
112.74848
75.1534
69.77393
96.59432
118.04049
85.83364
134.09322
150.15993
101.87764
112.58325
64.32281
64.31233
123.24522
91.07945
107.13484
80.33804
133.87494
101.72838
117.77157
176.62859
58.86661
149.81787
139.09393
74.88454
123.00456
117.63738
106.92566
128.2899
101.5463
106.87344
160.28406
58.76125
128.1855
106.80386
128.14377
117.446
128.10205
128.08121
106.71696
74.68971
122.68456
149.33081
90.65038
138.61919
122.60471
165.22293
154.53824
111.88879
74.58039
122.50498
154.43767
111.81598
143.74002
90.48824
37.2538
53.21106
85.12385
69.15188
122.32572
132.94112
106.33559
132.89787
122.24615
148.7972
159.39963
84.99931
127.47823
84.97166
116.81704
63.70802
100.85463
127.37461
95.51542
106.11099
164.44528
90.16501
121.96812
174.96928
137.83218
111.30789
37.0966
111.27171
84.76466
116.53246
127.10565
100.60895
142.94737
68.81532
142.90091
74.08472
153.43628
111.09097
153.3864
89.90156
137.47415
111.01877
111.00073
89.84313
89.82853
79.24759
195.44563
89.78475
110.89256
137.27324
163.64534
137.22864
68.60317
163.5656
137.16177
147.68868
94.9273
84.36612
131.80064
105.42339
152.83908
121.19752
89.56622
152.76463
89.53713
89.5226
168.48575
131.60812
63.16164
152.61585
152.59106
121.00085
57.86057
73.62877
173.52536
115.66479
147.18584
173.44086
152.39298
120.84377
115.57093
162.82352
131.28798
94.51199
136.49516
104.97924
73.47354
173.15953
15.73922
162.61221
141.60701
152.07173
157.29005
136.29593
104.826
110.04945
73.35439
136.20747
120.47168
109.97804
115.19639
141.35445
94.22101
88.97208
99.42324
99.40711
68.00436
146.44717
135.9646
73.19983
120.23736
177.71335
141.10242
120.17886
146.28098
73.12862
151.45615
120.10091
104.41864
172.26282
167.01564
135.67821
93.91583
146.06761
130.39636
146.02025
130.35408
140.75958
99.03698
166.77208
99.00487
98.98882
130.22733
119.78972
104.14809
67.68528
88.49718
145.73642
135.30475
119.67326
124.8562
88.42548
119.61507
129.99532
145.57115
145.54756
150.72127
103.92886
155.86801
129.86897
83.10267
124.6338
155.76701
171.31595
109.00158
114.17363
134.9106
150.45284
155.61565
129.65869
181.49277
150.35536
134.77953
129.57469
160.64661
51.81309
129.51173
124.31113
129.46979
62.13543
119.07362
103.52551
144.91225
124.19038
103.47522
227.60863
139.6463
87.91122
93.06739
77.5436
165.39955
160.20488
144.67775
165.31923
123.96935
108.45561
175.56638
98.09473
103.2409
113.54661
129.00934
87.71215
134.12628
108.31523
113.45473
87.65537
144.35019
139.17229
185.53302
149.43297
159.71283
87.57028
118.45827
133.88767
180.20424
97.80933
195.58699
164.67818
174.94226
128.61319
164.59825
46.28577
159.40295
143.95357
226.17615
174.7442
133.60631
20.55149
154.11124
107.86041
128.38448
154.03645
169.41269
138.58797
118.03732
184.72417
148.78151
66.68437
112.83222
107.68607
143.5582
194.79747
92.25756
112.74101
179.33168
199.79442
179.27368
189.48724
112.64987
163.82787
76.78189
133.06709
127.92844
148.373
127.88708
168.78365
168.75636
71.58203
132.91657
107.33833
178.86829
117.52302
122.61289
127.70111
112.35881
137.87262
142.9559
86.78062
153.11752
142.88658
137.76122
198.95627
163.21979
132.59464
101.97939
76.47218
117.2384
157.99144
147.77455
81.51762
168.10291
168.07575
137.49429
86.5565
61.08883
178.14696
117.04909
173.00113
198.4104
91.55924
127.14507
147.46445
122.01982
96.58342
172.80557
127.04239
142.2645
101.60108
142.21854
101.56826
187.87093
192.91734
126.89881
157.3291
137.00644
126.83733
121.74417
126.79636
207.91245
126.75541
121.66554
116.57731
177.37161
106.40578
212.77719
55.71836
101.28975
131.65541
177.19983
202.48138
101.22435
141.69121
101.19167
182.11559
166.91234
182.05678
131.46423
101.11
131.42178
96.02349
126.3263
151.56709
131.33695
126.26514
151.4937
171.66515
146.39664
105.99425
171.58203
146.32576
141.25725
105.92584
121.03856
201.69838
166.3743
126.0208
206.64075
141.09775
146.11336
125.93947
191.3971
186.33026
166.15964
161.0985
110.73734
140.9157
125.79729
176.08778
165.99884
201.17825
145.8307
145.80718
180.97281
241.25815
160.81282
155.76228
135.64204
135.62016
180.7977
155.6618
155.63669
90.35511
135.5108
110.39841
135.4671
195.64314
105.32932
105.31233
230.64693
105.27836
165.41074
200.46553
160.34656
130.26057
175.32248
185.31102
190.28874
125.16978
95.11369
175.18117
125.10923
135.09618
185.10196
205.07991
155.03542
115.00773
164.98448
184.95277
199.91672
194.88738
159.88181
169.84703
169.81966
189.76784
169.76491
194.69894
194.66756
139.7388
144.70613
169.62811
184.56555
199.49817
174.53276
154.56125
154.53633
184.41686
159.46996
194.32268
144.47307
144.44978
224.11009
144.40323
184.20891
184.17923
119.44835
194.0723
194.04102
129.33983
154.18803
139.24417
213.80479
203.82755
164.02988
154.06384
163.97702
144.07781
173.85899
203.63059
173.80298
233.35497
173.74698
168.75559
143.91541
104.19782
188.51805
168.64687
173.5791
153.71674
163.60757
74.3551
128.86142
222.99345
213.04831
222.92162
227.83873
188.1843
148.54262
168.32118
153.4446
148.47086
133.60225
143.4756
153.34578
217.61702
173.07657
207.65843
173.02083
197.70624
232.26743
158.11406
251.95371
172.88156
162.97638
153.07437
162.92389
123.40732
167.80693
157.91051
162.81899
226.92326
138.10497
167.67189
138.0605
157.75803
167.59093
172.49229
123.18894
197.07059
152.70511
162.53088
147.73157
142.7842
191.98921
196.88033
182.08499
182.05568
211.54416
186.91591
132.78731
221.27655
176.99275
167.13292
152.36136
147.42276
132.65912
162.11284
176.8219
112.95137
166.94472
127.64307
240.51938
166.86414
220.81406
176.62282
176.59439
181.4706
210.86432
191.21826
171.57852
181.35382
166.62265
205.79486
181.2663
161.64394
171.41295
181.17882
132.19031
151.74963
205.5632
181.06226
200.60428
161.43601
185.8661
166.27449
146.68919
244.44266
171.08234
156.39298
195.45976
229.62828
200.28182
190.48132
166.03394
126.9467
239.20723
165.95383
190.32819
234.2124
175.63106
170.72495
199.95992
214.55663
214.52211
258.36008
116.29968
136.08008
165.87402
243.57918
180.2196
233.76082
150.94624
209.34338
282.32474
180.07475
204.37631
223.80473
209.17513
194.55023
170.20409
204.21205
170.14935
213.86766
242.99236
218.65796
223.48108
179.72763
189.41217
169.95796
179.64096
199.0296
189.29041
164.99588
213.48975
218.30669
189.16872
179.4389
203.65466
198.77379
189.0471
237.48254
227.75276
188.95596
222.83531
227.64296
184.02217
188.8345
222.69208
217.81593
193.58305
212.90714
227.38698
188.65248
207.96803
198.26323
178.89172
217.53604
265.83466
212.63355
198.10397
164.25494
149.73779
222.15585
236.60625
217.25655
212.39449
231.66583
236.45421
260.54031
221.9061
188.10754
236.30228
294.12494
269.97296
216.9077
221.69225
183.10765
202.34963
154.14638
240.81502
173.35895
226.29338
264.76886
178.08862
187.68488
255.01796
274.22055
197.21466
254.89508
235.61986
250.0054
221.12309
192.25006
235.46849
187.38359
249.80466
168.11075
230.51485
220.87459
163.2289
249.60411
263.96195
129.5605
230.29279
220.6618
163.07167
196.61366
182.19803
158.19919
249.24353
215.65688
196.45583
177.26093
196.39273
258.62207
249.00346
253.75124
224.98854
268.02841
234.4872
205.74144
224.84407
229.59111
253.46614
181.70126
253.38475
229.44368
267.6413
200.69875
191.11098
214.96533
210.15457
200.56989
210.0871
238.69701
233.8855
262.48239
214.72385
281.48163
276.66632
176.4657
257.50317
190.71248
209.75005
281.21057
214.44821
223.9433
161.97553
171.47597
195.26073
185.70599
238.04639
214.20735
237.96997
261.72495
218.86209
204.55563
228.30452
271.06809
266.26978
232.94865
228.15797
299.40927
261.34708
228.04813
242.26224
161.48224
213.69218
232.6497
246.85394
175.61789
232.5377
284.69434
213.4865
260.88605
208.67535
232.35117
256.01938
227.53626
213.28101
236.94087
236.90285
251.07672
251.03642
203.63838
274.63095
317.19519
165.67238
236.63686
260.25879
293.33554
222.33159
245.94441
293.19437
297.87549
241.09862
269.41992
264.65079
250.43288
269.29025
203.1162
250.31235
231.38373
231.3466
193.54466
240.71205
283.14523
235.91649
202.85564
202.82309
207.50661
207.47331
268.72913
273.39981
282.78201
268.59982
259.1337
268.51364
160.14034
273.13675
291.92694
277.75687
244.7634
230.60544
258.80133
263.46454
197.5667
188.12857
183.39594
206.87505
258.55234
286.71204
258.46939
277.22269
291.27203
342.89432
267.69647
206.60974
230.05121
253.48517
244.05768
239.32587
258.05512
220.48447
150.093
332.96545
276.64523
318.79422
285.93131
234.33232
253.03832
318.58975
290.43231
238.86568
280.97339
248.15335
229.388
262.11566
233.99432
327.53952
285.38153
308.72394
257.2287
280.56812
294.54929
275.8035
271.08539
275.71506
247.63652
294.3132
270.91156
228.83685
252.14711
298.79312
205.38733
308.03159
284.65021
247.27937
317.21323
303.16992
247.16045
256.44614
303.02411
242.38042
321.5686
307.53806
228.28709
321.41397
251.50104
349.25098
265.38818
279.31122
297.88419
330.41229
297.7887
339.61075
274.43591
316.24832
316.19763
283.60239
316.09625
334.63651
288.11301
260.18939
390.22153
278.68497
311.14832
255.37932
329.61865
343.49112
278.46167
343.38101
259.81424
320.07694
264.36899
306.06241
324.5596
264.24188
301.28018
305.86621
245.58048
315.03388
291.82285
310.30151
319.51303
300.94229
365.702
328.61621
328.56354
226.71877
309.95352
319.15472
314.47888
272.81293
272.7692
351.3074
314.27731
309.60596
328.03729
295.64819
267.88825
258.60925
286.27152
263.14291
318.49039
323.05441
276.85941
258.36069
332.12479
318.23526
364.29791
322.7439
350.3515
345.68619
299.54669
304.10635
322.48535
368.49564
368.43658
354.56339
317.67471
243.97191
326.77792
345.13263
345.0773
345.022
367.96451
349.51025
367.84659
294.2301
298.77957
321.71106
335.44492
376.74075
303.18179
257.20392
367.37531
335.17624
371.8483
339.65884
325.83667
316.60742
344.08337
330.26709
334.80048
320.99011
330.10837
375.89652
279.58554
288.70599
371.13397
334.42517
311.46942
338.89771
343.42236
366.25851
338.73483
398.1785
370.65851
324.84616
301.9213
352.18506
370.42102
320.06564
333.72928
324.534
319.91184
347.27722
351.79028
379.14175
360.81204
351.62122
292.20978
351.50858
351.45227
310.3237
351.33966
360.40762
424.20935
332.92819
328.31494
373.85431
360.11902
373.73456
318.99057
359.94598
391.77716
387.15958
296.01578
405.24899
405.18405
309.52924
364.09372
373.13626
400.37479
395.76166
309.2814
395.63489
290.99512
381.86993
327.26465
340.84607
377.14255
399.79794
336.13986
295.21069
367.819
367.7601
367.7012
381.25867
399.34985
358.44983
408.29517
399.15799
380.95343
371.82352
426.16846
303.70972
389.7739
335.33313
403.24146
357.8761
407.64163
407.57636
389.39948
384.80994
402.8541
420.89246
389.15006
370.9906
393.54895
348.25766
357.24606
393.35986
348.09033
474.59262
379.61328
379.55249
374.97394
352.32871
392.91907
365.7626
374.73377
374.67374
419.74793
424.19339
374.49374
329.32126
405.94748
496.07858
441.89014
423.78592
369.62637
432.66403
410.06375
378.45975
400.92291
405.36273
351.25809
459.26395
405.168
414.10541
450.04248
364.47601
400.40952
395.84714
431.76407
467.6695
449.6102
409.07977
440.47687
435.91238
440.33582
435.7728
377.30981
386.23151
422.09241
395.08707
444.40176
385.98416
399.38477
480.08231
488.97748
444.04605
439.49033
448.3877
443.83273
412.38458
434.72714
425.69553
407.70621
461.39575
371.74481
461.24799
402.96768
465.57697
429.69455
411.72467
434.03149
393.69745
474.15054
469.6022
487.41376
451.56793
415.73361
433.54517
420.06928
460.21497
504.81519
366.2674
486.78967
424.1983
433.05942
441.91773
499.86725
450.70096
468.47546
463.93951
437.10376
450.41235
405.75208
468.10049
405.62213
472.40729
445.59589
543.53992
596.90729
449.83566
467.57605
507.57272
422.90952
445.09665
458.37613
476.10089
524.96179
520.42957
418.05597
498.02948
444.59796
462.30783
444.4556
506.59824
493.18771
479.78149
501.91321
541.80182
417.38702
430.63892
519.34729
474.88257
465.93164
492.47742
483.52652
452.40192
514.41388
447.82315
545.28143
460.97714
536.24329
465.26059
465.1861
469.54123
473.89496
522.52948
487.02573
482.52097
553.26111
438.11264
455.74118
508.75577
605.9859
535.12811
499.66773
477.48206
552.5528
596.66144
490.50977
472.75803
534.52863
477.0235
459.28241
547.51825
543.01587
485.54617
481.05508
516.27918
516.19653
516.11383
493.97861
511.53876
485.0022
524.60016
484.84689
497.99023
550.78595
603.56476
563.82422
572.54224
528.41589
541.53961
567.86523
514.95807
536.87885
541.19281
554.30389
580.60632
461.77197
602.40601
562.74176
584.63025
566.9566
478.97965
575.56226
615.00617
535.84815
544.54535
474.20548
518.03046
496.00055
460.81168
522.16962
614.21881
649.21307
570.16339
556.91663
512.98273
561.12201
574.18134
517.11871
595.90582
569.5246
565.05316
595.61957
547.35681
599.80701
617.22076
564.60089
577.63867
608.17365
573.07904
642.97046
660.36047
568.43121
581.45575
594.47607
541.93555
642.35297
637.88104
615.93713
580.89734
550.23566
637.4726
545.69391
567.43079
562.97577
606.5202
606.42304
532.17096
606.22888
562.52521
636.55444
649.53033
601.48212
536.01776
610.00378
553.27197
653.36621
605.35571
679.28326
592.10083
592.00604
609.32037
617.92596
661.336
595.97711
517.59064
591.43744
508.72867
634.72217
586.80664
656.24896
634.4173
647.34955
634.21411
638.45581
647.03864
625.22577
590.39648
659.74921
603.22669
633.50354
555.3114
672.33972
568.14453
550.70837
641.6676
576.54138
585.11749
667.36047
671.58643
641.15399
584.7428
688.58673
701.46661
688.36621
705.57062
562.63489
713.99915
661.96594
627.25287
666.0791
661.64795
696.13245
665.75916
691.58704
691.47632
725.93384
626.44971
734.34064
652.16284
656.37665
699.44727
630.26514
729.43665
733.63532
655.8512
668.68854
685.83514
741.79089
711.48779
668.26025
681.08527
724.07593
655.01141
745.38696
749.5755
684.84723
689.04407
710.46289
766.31604
770.49774
710.12158
701.40173
714.19653
696.87537
705.36578
778.35828
705.13983
713.62482
782.28259
679.01569
627.34436
695.98297
781.78156
691.46521
730.00159
785.6994
678.25476
691.02234
776.7392
737.9986
815.1004
754.91943
814.83929
741.81378
711.6842
771.58215
737.17151
698.48669
762.64246
728.2497
723.84992
753.71112
749.30866
663.56708
744.78827
684.75305
753.10773
757.26538
774.2547
761.29981
761.17786
773.88269
760.93402
777.90906
756.41675
790.47839
675.00317
807.31116
764.47382
708.83978
747.15112
785.45026
768.25214
836.40723
729.60571
767.883
720.84131
767.63702
784.56989
737.5481
852.5202
848.1217
856.5083
818.02612
753.99701
919.98456
770.78949
762.15039
800.34253
795.95789
791.57459
842.50891
778.55774
727.38825
803.8266
773.93127
867.34442
786.43634
811.81226
803.18292
807.30322
904.8844
777.31134
819.65607
789.80103
789.6745
772.56848
857.32874
848.70435
823.11127
814.49512
856.77942
809.99335
784.42279
886.04382
784.17151
839.14093
809.34467
847.34552
864.15399
825.89716
851.17304
863.73865
889.00031
926.95178
871.78754
770.09662
841.8938
824.83917
799.33136
769.60321
887.86139
803.17444
836.85822
845.1759
887.29248
777.31262
844.76965
882.64282
907.83637
865.47272
852.67059
932.72284
898.81506
945.0813
860.5611
885.72974
856.06824
843.2818
855.79388
956.81818
838.66211
750.03986
952.1452
926.71851
817.06622
833.77936
871.5387
947.17285
955.43909
845.86993
883.60309
845.59882
954.82672
870.56152
857.80719
840.85266
920.58612
945.65607
987.52692
903.33728
861.18353
953.45044
915.50165
902.7583
902.61365
847.90106
1036.62378
872.8064
1023.70496
880.91632
935.29932
972.89087
964.3493
997.73193
968.23169
989.03052
1001.44244
992.90295
975.98865
787.36676
984.05072
967.14587
971.17694
899.8689
966.68091
987.44641
903.61963
999.67816
915.87622
974.26923
990.836
940.5163
1074.10645
1011.25324
1057.04981
964.97778
981.52997
1014.78107
1022.96912
960.18445
905.76794
943.18311
1005.6225
1009.63336
959.41504
1067.69946
946.59735
958.95374
992.14954
1050.3429
1000.1662
1091.67297
995.6795
1103.81909
1074.48926
1070.15308
995.04114
1003.20697
1061.31433
1102.75769
981.92108
1073.28406
1002.40302
1081.2572
981.29157
1043.49439
1026.70044
1059.78394
1013.90515
1084.37219
1113.27637
1067.41101
1046.47644
988.18042
1133.31934
996.16492
1070.70557
1091.28076
1037.17273
1037.00647
1061.72424
1115.46106
1036.50769
1069.5044
1069.33289
1073.30542
1114.56702
1143.38721
1027.22669
1060.19299
1113.8523
1101.25354
1130.05261
1071.92932
1179.34692
1038.48633
1121.05444
1112.60254
1124.83032
1091.5719
1078.99463
1074.68823
1103.44507
1095.00391
1148.53687
1210.31421
1148.16858
1119.07825
1077.61108
1085.69446
1110.28503
1093.59973
1147.06409
1122.12732
1167.32019
1154.7605
1191.68665
1142.02161
1195.42651
1141.65527
1133.23047
1083.60657
1116.38892
1157.39844
1107.79443
1194.08496
1230.94531
1099.02893
1181.1637
1259.15723
1172.5564
1114.7782
1200.97058
1114.42065
1122.46509
1245.61304
1224.86182
1167.13074
1183.37927
1191.40601
1215.86072
1236.20056
1137.45056
1244.01526
1186.34558
1145.11182
1112.09863
1198.08386
1218.40344
1251.02161
1259.02307
1250.62024
1275.01794
1192.83191
1139.36096
1212.93799
1245.52014
1179.7771
1257.40784
1220.34998
1228.34302
1264.99036
1240.22839
1276.86194
1342.12671
1239.63147
1251.7041
1157.43604
1247.21326
1181.59607
1222.28552
1267.04919
1217.80664
1262.55664
1246.01294
1241.72827
1225.19312
1212.74658
1249.2959
1310.32556
1199.9187
1256.85596
1228.09387
1297.24646
1280.72327
1264.20544
1264.00256
1353.48865
1255.44458
1263.39404
1405.80969
1262.98853
1279.07983
1242.21887
1262.38049
1298.82178
1323.03857
1188.50855
1338.89221
1297.98804
1281.50659
1281.3009
1325.83191
1284.95593
1264.42139
1329.25855
1381.88184
1300.38586
1336.74463
1316.21802
1352.5625
1246.75684
1384.61182
1295.0741
1254.27478
1310.89221
1343.14453
1298.29981
1350.82629
1285.71533
1313.89551
1358.28503
1362.12085
1321.36939
1296.84143
1410.08862
1430.1189
1348.87573
1336.50903
1405.13391
1421.10315
1437.06738
1355.88806
1392.09131
1363.54492
1444.23547
1395.4657
1342.66724
1330.32105
1362.45056
1309.68274
1382.22095
1313.3031
1292.89075
1369.43616
1292.47559
1368.99646
1405.11572
1364.51978
1356.22778
1339.86707
1388.073
1343.47119
1371.49194
1351.10596
1358.95398
1366.79944
1318.20544
1354.2688
1362.11108
1313.54114
1454.33179
1317.1471
1421.64612
1385.17761
1328.5907
1376.68189
1404.63391
1396.36011
1536.95642
1444.18518
1375.57654
1443.72131
1411.32251
1415.11597
1346.55591
1354.37744
1297.90405
1353.94238
1389.87781
1506.12842
1401.47839
1489.58435
1413.07129
1340.59656
1444.72229
1500.6648
1380.06885
1488.14905
1447.80457
1411.48291
1335.08032
1463.14124
1490.96191
1554.83948
1486.4762
1418.13477
1453.95544
1413.67432
1525.56201
1509.3031
1541.08301
1488.80725
1440.54968
1580.34912
1408.08484
1463.85291
1583.5863
1491.37061
1543.10071
1466.90918
1414.72046
1474.4292
1514.14331
1533.87231
1441.76794
1481.46802
1449.28967
1453.04858
1496.71887
1464.55347
1540.12744
1567.80518
1515.70032
1567.30127
1535.15002
1459.15491
1566.54553
1534.40991
1514.23914
1454.23279
1617.32483
1517.49194
1453.53162
1536.91235
1532.68433
1492.63428
1520.25244
1460.32178
1567.50488
1607.03088
1547.11523
1586.63171
1554.56958
1514.56714
1518.29834
1490.23645
1700.58313
1521.53882
1612.65125
1556.79224
1667.72351
1564.23193
1615.58386
1607.38635
1563.47754
1551.32349
1527.27234
1534.95935
1562.47229
1490.85046
1565.9342
1589.46484
1589.20935
1703.8656
1691.70606
1517.14111
1592.14783
1611.69153
1548.08362
1543.87598
1670.2843
1662.10095
1574.78528
1487.49756
1641.52173
1629.39331
1676.58167
1565.61218
1537.68982
1557.20398
1596.47009
1639.67456
1639.41089
1504.85559
1634.93433
1713.64099
1567.29504
1677.56482
1594.41687
1665.18738
1625.46643
1656.76233
1569.72705
1537.92725
1628.36353
1565.02747
1604.19067
1619.69605
1607.61475
1627.0542
1622.85339
1622.59229
1681.39673
1689.00037
1661.17358
1605.80518
1621.28748
1597.41943
1632.56751
1608.7052
1655.63794
1643.57556
1686.55603
1682.354
1686.01331
1705.3894
1720.83032
1696.98413
1598.52185
1771.04993
1727.57556
1703.74341
1695.61914
1683.573
1738.23499
1671.26172
1678.83777
1678.56763
1717.51001
1580.01172
1779.67712
1759.79382
1630.19251
1700.45593
1657.09009
1750.82752
1711.38355
1758.09509
1640.36365
1737.95752
1659.40393
1612.18018
1713.6438
1721.19153
1595.75708
1661.97937
1669.53162
1700.53711
1668.99414
1629.64514
1695.80847
1734.60315
1746.04224
1687.17859
1683.00208
1635.88013
1764.43616
1783.66699
1705.33264
1591.90772
1681.37683
1774.71765
1715.93408
1664.9679
1730.97595
1676.12561
1699.23975
1726.24316
1729.86121
1632.19629
1709.82996
1709.55457
1717.06641
1720.68286
1759.32898
1739.58716
1797.67297
1735.13648
1750.41626
1730.68835
1722.63257
1765.12231
1687.09192
1682.93347
1663.23206
1752.3291
1647.1571
1798.37476
1770.90027
1751.20032
1762.56519
1770.04456
1758.11633
1816.03943
1846.78528
1780.54187
1865.58313
1756.70056
1744.78565
1798.77808
1674.45459
1743.94251
1805.65845
1751.12903
1700.4906
1754.43774
1719.3042
1850.66443
1819.39783
1741.69592
1741.41528
1764.34973
1709.90564
1752.17737
1767.36438
1720.6792
1840.25012
1801.29907
1835.79224
1781.39758
1742.47461
1695.83838
1830.74683
1776.3877
1841.73999
1779.67566
1794.82825
1705.77686
1751.80505
1770.81262
1735.81104
1639.11279
1762.24426
1761.96021
1746.25671
1765.24646
1703.30383
1753.11841
1752.83582
1775.66382
1890.91187
1740.43665
1805.60437
1805.31335
1820.41687
1770.09888
1715.94959
1823.38342
1796.16614
1718.96533
1753.29273
1806.83044
1771.9458
1717.85706
1721.42249
1859.45117
1778.48572
1820.44556
1797.11206
1804.50098
1823.40381
1803.91907
1772.9281
1757.29468
1795.37402
1841.11218
1844.65039
1817.51196
1813.38501
1721.09631
1877.95361
1843.16333
1766.23962
1819.5846
1849.93176
1868.78076
1929.74085
1818.41089
1787.49658
1733.63025
1786.92004
1878.45007
1839.89563
1809.00256
1858.42163
1839.00525
1808.1272
1788.72522
1796.07947
1830.17725
1829.88196
1909.79822
1856.02441
1867.18005
1916.5094
1878.02893
1816.66162
1869.79114
1812.26013
1819.59705
1830.74561
1792.3158
1955.97791
1822.23511
1795.25989
2004.57385
1832.78406
1843.9176
1896.94788
1839.51392
1843.0249
1766.58179
1838.62341
1899.22363
1845.64087
1807.29468
1814.61145
1829.53296
1874.87354
1927.80408
1824.84534
1896.77258
1915.46912
1907.56006
1857.86108
1736.00305
2035.77112
1932.91089
1894.63025
1932.28687
1969.93115
1863.35266
1847.87427
1984.15234
1824.51856
1907.6604
1873.22473
1793.3042
1865.03845
1845.78674
1792.43567
1913.39075
1848.68103
1935.4989
1980.63098
1889.43652
1820.98633
1873.68543
1918.7981
1873.08032
1868.99439
1777.90588
1845.69775
1871.87048
1826.1969
1897.72827
1961.67712
1878.21973
1836.35278
1911.61401
1881.08704
1843.01648
1952.22449
1921.70557
1857.22278
1894.66516
1958.51062
1969.51331
1965.42273
1893.44104
1847.88098
1907.91162
1873.67371
1926.14197
1888.14331
1936.8241
1940.27869
1981.40125
1943.41797
1845.19568
1923.96448
1946.2406
1840.53748
1949.37488
1900.14526
2020.224
1982.28308
2038.37524
1887.6366
1951.24512
1845.67725
1864.17102
1954.05701
1923.68359
1938.39905
1761.55469
1892.70801
1896.15686
1903.35877
1966.86145
1895.23755
1831.14148
1894.62488
1826.79834
1834.00403
1916.20569
1912.14661
1930.58093
2023.97119
1873.74451
1918.40418
1929.33276
1936.51221
1887.51331
1973.33069
1894.39063
1852.90857
1949.91773
1904.698
1807.11267
1881.63709
1933.69592
1963.30017
1906.89746
1910.32752
1898.80518
1834.9657
1857.0885
1909.09204
1886.37097
1811.37024
1822.27979
1933.99231
1888.88391
1925.9021
1877.07764
1869.31165
1872.73987
2002.98535
1857.21668
1789.79871
1875.25659
1841.40527
1911.91919
1818.45154
1810.70593
1925.89197
1851.08984
1891.75354
1865.38428
1865.0824
1894.55762
1964.95984
1826.96814
1837.8335
1778.02075
1922.7782
1996.83716
1751.13245
1966.45252
1969.85107
1880.34595
1920.91211
1838.87354
1920.29041
1841.99207
1893.67725
1833.97083
1907.91187
1896.46924
1936.97986
1958.92688
1910.38635
1887.82385
1887.51831
1872.38196
1894.32141
1875.4823
1882.59045
1889.69629
1804.18262
1977.98267
1811.00549
1955.12488
1884.46484
1947.0885
1920.8656
1868.7478
1898.04431
1860.74402
1845.64795
1886.0282
1967.06775
1878.02368
1955.3418
1895.89392
1921.45264
1799.2229
1813.70715
1876.19959
1901.74475
1857.13147
1882.67127
1871.29358
1834.08728
1852.23889
1833.49329
1929.0979
1925.09753
1873.16309
1928.16065
1883.61462
1750.63013
1857.20984
1867.96204
1819.77075
1911.55469
1885.46704
1859.38794
1848.0426
1825.65869
1950.48853
1898.65845
1732.797
1857.58118
1791.08008
1875.36511
1827.26563
1915.19336
1811.9718
1694.08447
1844.45252
1899.25781
1869.5658
1883.95252
1846.92896
1887.01318
1945.4375
1886.40161
1765.00403
1764.71802
1819.45581
1782.48425
1811.53186
1825.90418
1895.25989
1759.33716
1799.36353
1832.04871
1798.78015
1838.78052
1900.74182
1808.89063
1859.85315
1837.58838
1815.33081
1815.0365
1913.52856
1891.26941
1799.52356
1766.31897
1850.12927
1769.40198
1798.35657
1860.19324
1830.65955
1790.17505
1866.59399
1866.29138
1778.34924
1865.68604
1905.53845
1795.73352
1820.98718
1838.93518
1805.80408
1838.33862
1746.8678
1892.43701
1790.04981
1800.69482
1938.89526
1821.97437
1832.60889
1799.52661
1886.64697
1835.35864
1835.06091
1918.49243
1867.22376
1859.64246
1877.53381
1844.48682
1785.98828
1836.6145
1799.95386
1810.56873
1890.24695
1849.96069
1802.41968
1892.96021
1823.6311
1808.80652
1775.82898
1797.32654
1811.5564
1825.78149
1723.86768
1843.33191
1879.31287
1842.73352
1802.53919
1816.75159
1845.46191
1776.28601
1855.73621
1728.59863
1837.01721
1771.51001
1811.06592
1803.52881
1853.92932
1781.22095
1668.71863
1842.16882
1783.97205
1845.18872
1721.89648
1786.71997
1753.88355
1778.90845
1800.31006
1803.6322
1778.04187
1745.23328
1763.01343
1733.82996
1813.00269
1689.93518
1787.14111
1840.9978
1772.12378
1793.48767
1800.41235
1789.29761
1767.36572
1738.22827
1777.60864
1831.39648
1701.33606
1722.68323
1808.88391
1851.82324
1743.45691
1735.97046
1757.29443
1803.81445
1861.1189
1806.82752
1741.75781
1799.04419
1816.73938
1794.86267
1787.3783
1736.74731
1779.60706
1703.83167
1743.08875
1757.17908
1738.92932
1875.15198
1785.05566
1720.1261
1698.30359
1748.28626
1748.00208
1762.07288
1664.90613
1722.03674
1667.9519
1699.95837
1739.1261
1760.35486
1677.62146
1774.11877
1734.41187
1845.2002
1687.27759
1794.45569
1675.98547
1886.96729
1679.02039
1854.13892
1714.2627
1789.12732
1842.50147
1717.00366
1698.8418
1734.32483
1723.31665
1698.01306
1694.16272
1701.0343
1675.74646
1796.93689
1668.05762
1760.63953
1678.22717
1620.83228
1727.65466
1698.8219
1752.07117
1733.94714
1683.72412
1726.24976
1665.34595
1657.94409
1746.79663
1714.43359
1699.89966
1696.05994
1681.53369
1681.26001
1755.776
1627.30042
1627.03552
1687.28516
1676.33325
1683.17749
1679.34558
1611.48254
1689.46936
1632.29517
1671.14136
1621.09876
1731.02319
1634.7865
1748.2262
1630.70166
1687.27051
1779.33667
1580.19141
1633.19031
1774.91785
1614.91235
1618.19812
1656.96375
1614.12366
1571.29749
1659.70081
1542.41943
1648.52466
1626.9884
1655.07593
1715.04565
1686.4231
1618.84424
1710.66602
1611.23462
1738.43372
1624.86987
1585.67127
1560.64099
1673.61206
1634.42456
1471.44995
1573.77063
1679.59387
1665.17859
1629.55896
1689.37585
1593.69116
1596.9646
1621.43213
1599.97632
1642.09216
1602.98572
1588.60364
1521.28137
1591.61499
1693.68225
1587.56836
1633.16528
1682.27405
1632.63306
1554.8031
1589.80029
1550.77185
1539.94739
1596.0697
1648.651
1602.59387
1514.29236
1577.42419
1552.5238
1622.66846
1544.979
1583.43335
1498.73914
1579.39954
1543.9718
1540.20361
1592.69067
1574.85449
1574.59766
1560.2843
1549.48914
1514.10645
1566.54602
1580.33801
1618.70447
1506.09753
1533.93311
1526.66382
1480.79785
1687.55359
1522.40918
1448.50794
1539.44617
1605.81165
1409.23792
1531.68298
1587.50391
1538.19092
1579.97937
1513.17017
1530.43408
1495.1687
1480.92078
1466.67749
1546.93481
1501.19177
1588.41455
1616.1405
1563.41333
1531.68518
1566.39954
1587.11902
1492.48731
1593.59058
1512.96509
1519.70532
1515.96436
1512.22449
1560.86377
1518.7135
1556.86353
1504.25708
1535.41785
1503.76611
1416.30945
1548.61755
1499.54248
1499.29773
1589.69336
1530.17859
1536.8988
1564.52368
1428.39636
1462.99634
1483.65405
1396.35706
1504.05933
1496.85156
1461.80237
1437.20422
1489.15967
1471.52258
1526.93372
1439.74329
1460.37061
1505.32666
1456.4176
1400.57385
1532.38757
1535.61145
1399.8877
1503.85193
1416.79309
1538.08032
1461.45837
1398.74463
1433.21875
1377.46948
1411.93579
1352.7395
1473.89832
1438.98315
1476.88355
1331.05786
1441.74365
1465.76428
1423.94959
1458.35718
1329.97058
1544.453
1443.79297
1440.09522
1467.54944
1418.86072
1394.40833
1363.04492
1414.70618
1379.89124
1396.95471
1458.95667
1472.54492
1441.19922
1361.48596
1395.81323
1399.03943
1405.71838
1419.30176
1377.63696
1370.50745
1328.86414
1425.27576
1280.12305
1393.7605
1362.48865
1355.36829
1437.90369
1310.10559
1347.8092
1423.41223
1392.16577
1319.58484
1336.59314
1363.92871
1336.15601
1329.05115
1325.39124
1356.15247
1417.87671
1372.91321
1217.87415
1489.41589
1344.72595
1330.75134
1364.91443
1436.87878
1364.46777
1329.88062
1439.60938
1353.49231
1408.22595
1394.25903
1397.46436
1338.87451
1318.06067
1307.54932
1324.49194
1269.38294
1217.72217
1334.13062
1333.91223
1319.97986
1330.04761
1285.2738
1315.90491
1274.57422
1394.2655
1260.4563
1246.55151
1280.58777
1389.9292
1324.66626
1303.91528
1385.82471
1347.96436
1269.06824
1371.46362
1319.9458
1217.16003
1309.2583
1377.40125
1281.49097
1260.78064
1226.41223
1270.6145
1345.53796
1283.85632
1283.64612
1341.4635
1272.98706
1194.29627
1255.51148
1275.77271
1132.3186
1292.40491
1305.83106
1251.07434
1298.58655
1284.74255
1369.71314
1270.69482
1243.23755
1208.97803
1208.77991
1177.94177
1191.36426
1214.99243
1221.59888
1238.40979
1251.81348
1234.60278
1193.59375
1223.99805
1291.78613
1210.00134
1226.79456
1270.7644
1311.32263
1273.74439
1249.76294
1300.49109
1218.79834
1221.99292
1265.91284
1279.27856
1177.28613
1143.17102
1190.46655
1186.88025
1190.07617
1264.46045
1243.91663
1108.15808
1131.69446
1182.32507
1192.29285
1134.52429
1154.65479
1205.24829
1181.35571
1218.39063
1194.50366
1194.30774
1251.61853
1173.62268
1203.86487
1230.71606
1210.23096
1237.07227
1118.58936
1216.39307
1175.65369
1165.32752
1151.62744
1121.04858
1117.48853
1194.94263
1123.8717
1224.92041
1180.85889
1184.03833
1139.99793
1200.51074
1146.36707
1152.92114
1122.39673
1105.36255
1138.87561
1135.3197
1104.81824
1145.05029
1094.35376
1154.77441
1120.92346
1214.97571
1123.92041
1164.10962
1174.01025
1160.36389
1126.54517
1096.09973
1136.26025
1099.10083
1075.39612
1226.42212
1085.12134
1148.76331
1081.40649
1054.36609
1134.76807
1127.86816
1073.98377
1067.09595
1157.5083
1086.87268
1046.44617
1083.16211
1086.33704
1055.98743
1035.70325
1069.04541
1082.27246
1055.29358
1068.51843
1068.3429
1061.47034
1131.60254
1081.20569
1131.23059
1080.85034
1117.47583
986.82983
1006.73547
1090.17212
1049.87048
1059.72681
1126.40137
1059.37842
1052.52161
1059.03015
995.39142
1078.72009
1085.22095
1068.34949
1158.30103
997.91083
1051.13782
1054.30139
1057.46387
1063.96057
990.42102
996.92658
1006.76355
993.26556
993.10217
1022.92688
1036.08447
1039.245
1049.06506
995.61542
962.15894
1011.93146
1025.07764
951.70123
968.18005
1094.42896
991.14337
1044.18726
1087.23901
980.68115
1050.31946
993.65137
1033.36035
1029.86804
946.65839
956.46576
1026.03919
952.83093
995.8266
975.74945
992.18048
938.93262
985.21936
935.30676
1018.05646
981.41724
951.42017
1027.49719
1000.81635
1047.03931
997.17389
960.57416
1020.02802
976.81397
943.5462
1012.90387
963.09308
966.24353
1009.09497
1028.77649
1015.37744
916.00397
981.97968
991.73529
945.29852
915.40057
997.85352
931.617
987.6156
861.95721
898.1369
931.00324
986.96484
894.39264
973.44043
871.00317
953.32739
893.80328
959.60846
834.16126
926.32684
916.28619
869.99884
965.40778
948.77679
935.44513
895.77161
902.20941
842.80121
872.28711
944.54767
901.61462
937.65619
911.18579
855.1236
845.11743
914.02301
943.45807
870.99359
893.85358
916.70593
965.83191
896.69598
935.95685
948.93652
860.13965
843.58563
869.7016
807.21246
839.88745
905.35425
905.20496
868.98456
895.07037
953.92859
891.4975
835.64099
858.43848
796.05396
940.04028
874.38794
880.7923
870.82556
798.67059
877.08362
870.39453
883.33734
876.64941
889.58685
892.71002
836.98187
859.72614
820.36365
846.37097
793.95441
882.02594
764.29627
862.14063
881.58917
959.79413
829.073
799.56433
851.64014
831.92481
880.71613
851.21832
798.90442
860.71808
808.4198
811.54553
837.4809
798.24487
833.94666
843.58014
833.6712
787.94965
875.71668
790.94421
859.15546
852.50586
868.63153
813.19104
891.11011
793.41217
793.28107
815.9043
819.01953
831.88239
838.24292
782.88043
766.51141
805.35346
840.93573
759.63879
840.65778
759.3877
840.37988
794.82257
733.06201
810.77527
791.18585
800.78113
865.47858
781.07062
748.53729
774.33258
787.16193
774.07654
760.99542
780.29602
773.69257
812.40466
776.67285
805.6648
792.59125
773.05298
711.47919
776.03076
769.43652
746.6825
769.18201
840.1438
730.15808
778.49103
823.57831
823.44208
745.81824
777.97595
774.61963
751.90216
725.96564
725.84546
757.9798
735.27997
712.58765
757.60352
741.36157
776.68945
754.00519
763.54547
785.96735
756.85144
669.78314
756.60089
772.57086
775.66144
746.57123
701.40338
720.58868
646.49262
684.97577
758.81464
794.05158
752.13483
752.01025
748.67255
703.57135
706.66699
725.81946
706.43292
658.15796
728.66882
690.03461
715.59174
734.72357
731.39398
740.89484
731.15167
753.47449
743.73236
724.37787
733.87189
752.97522
727.2215
736.71021
726.98047
778.09241
745.94849
656.19782
700.89514
780.77661
675.06787
722.9386
745.20697
690.72113
661.83136
671.31177
719.14337
661.50226
670.97797
721.98035
657.97919
677.03137
753.55145
683.19177
714.99805
686.15668
641.3703
756.11719
637.96777
682.51227
730.23077
675.90936
691.7359
710.74432
675.57306
669.08875
707.20502
684.79218
706.9704
690.93298
620.78149
671.60596
712.86621
661.83734
722.17377
702.96881
696.49152
648.67896
670.82617
686.60858
676.95996
670.49225
616.3692
648.0332
654.27789
644.64252
679.46106
625.38135
685.5835
682.2962
659.97229
701.10413
647.06561
665.98633
650.02161
659.42456
735.38989
605.32819
633.74628
655.81842
598.69128
639.76483
639.65857
671.21332
686.92975
677.3205
712.0177
629.6355
629.53088
689.52228
632.48413
626.0553
613.30579
616.36475
628.90356
638.27844
638.17242
625.4314
691.65002
647.32739
640.90546
659.73883
716.43933
605.87439
703.58087
634.0639
665.49872
659.08112
602.21802
671.4718
693.42365
639.7345
661.68433
620.61969
626.81616
560.57648
607.71503
657.98608
613.80841
613.7063
597.87079
635.52533
619.69147
603.86279
619.48529
628.81451
575.26953
612.8902
628.50073
615.82825
637.716
621.90521
580.97638
624.8382
605.89801
634.04681
637.07965
552.25299
583.53388
633.62488
649.20062
595.78546
623.90302
551.70178
676.97583
617.32428
645.41943
607.72101
598.22363
660.75488
582.36939
610.4469
591.56543
575.81964
566.33698
572.49951
656.85724
634.85626
590.97467
515.84436
568.89716
634.43347
621.82874
634.22217
556.02338
593.40924
540.22473
611.94452
605.5993
586.77167
633.48303
552.25525
545.92407
561.42835
595.63861
608.01141
567.38275
610.92572
542.26209
567.09912
607.50494
607.40369
597.95935
594.74585
585.3067
544.74255
566.43781
513.44318
535.13641
603.48346
562.95001
584.62408
603.1817
531.58179
581.22351
602.88001
568.60126
577.82623
540.45697
614.90021
555.80194
555.70923
524.57654
586.55872
543.01935
555.33856
536.63434
521.03778
508.54724
564.26929
557.9754
576.47839
536.09741
616.56409
597.87445
507.95361
535.73969
526.36157
507.69937
557.138
578.70789
522.91614
498.07953
497.9964
559.76587
510.19864
519.38825
516.21045
602.6601
540.75855
509.77292
568.37915
540.48773
549.66144
543.39471
534.04309
558.64545
589.41138
530.69019
539.85626
558.2724
527.34052
588.91937
508.66736
539.40558
545.47907
526.90021
563.78149
495.92163
542.03491
517.31055
581.87714
486.35568
535.5174
510.81055
532.26178
538.32513
541.31079
544.29547
534.98071
479.55771
491.77185
534.71252
617.58191
525.31769
491.44315
568.13611
528.12476
503.47662
546.36499
524.79096
521.63477
524.61548
487.71881
521.37317
542.75067
524.26465
530.30774
545.54327
520.93738
499.40344
493.1933
551.30402
505.27747
548.0578
495.92465
495.84171
477.39731
520.15363
556.77716
535.27313
489.31067
464.76737
519.71863
525.74493
516.48853
528.62463
497.98496
519.28388
516.14288
534.37805
534.28857
476.20038
491.38095
500.45334
543.08405
558.24573
481.90195
545.86084
521.3775
570.06592
530.3468
508.92581
524.07532
545.31262
554.35913
548.17542
471.96091
490.14825
517.46118
462.59366
474.68765
498.94702
504.94714
468.36646
544.30878
538.13696
480.29034
486.28848
528.75012
540.81464
492.11963
498.11169
540.54285
516.16229
482.68262
470.46082
531.07642
527.95319
470.22427
503.51062
521.62238
542.76019
530.54248
545.60938
539.4566
512.09485
499.89041
463.45703
511.83728
511.75147
523.77606
511.57983
517.54724
556.79956
423.58078
468.88577
471.8317
571.54633
520.05017
426.24869
504.76306
486.5462
483.44305
522.63513
434.95279
495.27979
492.17719
498.13257
522.19678
510.03729
534.09143
461.59476
515.81348
494.61527
500.56311
521.58362
431.06326
491.26935
545.42835
476.03986
491.02197
499.97522
569.15332
445.61139
472.63001
523.71857
451.4057
517.52496
496.37952
520.35901
481.17606
496.12949
481.01444
468.91031
495.87952
474.76245
429.61789
489.62204
495.54642
486.45474
447.34308
471.28232
504.21738
459.12079
453.04309
509.9628
470.88651
464.80981
446.7421
464.6536
497.54538
527.42932
536.32947
470.33279
488.22522
521.08533
482.0726
481.99155
487.897
460.8804
493.71741
439.78336
484.57773
544.31061
454.51263
442.47736
436.42453
433.36243
469.14798
463.09366
492.88776
445.01773
492.72195
412.02542
465.68951
489.48865
417.78586
462.47083
465.37619
432.48843
426.45129
471.10468
432.27014
435.17807
476.82721
467.80795
494.54175
467.65051
446.72464
443.67178
482.3002
425.66248
497.01865
473.1297
410.57175
469.99576
460.99417
478.75848
431.10739
475.6246
466.62805
499.23764
463.49976
445.59778
433.64212
457.32629
442.40353
433.42307
448.1908
445.14764
448.03983
447.96433
486.44885
430.0195
444.7728
450.62717
432.76633
459.3663
405.95212
450.32352
411.73959
456.09506
453.05704
485.54791
449.94418
414.35242
414.28256
408.29541
464.43167
455.48041
428.78912
437.58682
425.68835
407.88257
443.27585
366.37958
449.03473
478.49579
401.63242
392.70664
442.82755
439.80115
475.14124
445.5542
410.07672
386.41
392.2432
415.76663
398.00726
374.35849
418.50345
442.0065
436.03949
424.18304
409.38538
406.37158
362.13962
391.51578
441.48462
441.41013
403.08652
385.36804
452.9516
426.40842
405.75467
396.86691
379.16437
429.0593
423.11032
417.16336
443.52838
367.09726
364.09897
402.20273
390.39362
416.74085
451.88205
387.26205
343.19702
349.00467
407.59207
436.84143
430.90497
433.763
378.01334
430.68662
436.47253
392.466
468.53696
465.52991
453.74179
389.27393
450.66205
421.32706
421.25586
424.10956
397.71826
397.65103
380.04337
377.05618
400.37183
350.63138
371.02213
420.61539
440.98737
347.47434
411.64368
423.24991
393.99362
388.09103
408.44778
355.87289
390.81067
376.16452
379.01642
396.44241
390.5463
381.73813
419.54956
343.73938
404.84482
430.98486
381.41531
387.17291
404.57089
392.86206
386.97638
421.82016
378.11957
343.15814
401.25259
383.74188
380.77026
371.98737
386.4527
392.1976
395.03589
409.4899
444.26489
409.35126
388.96298
455.6481
441.06232
440.98764
449.61517
420.5365
432.06433
417.49478
463.80454
446.33624
466.5452
402.72546
443.21262
419.96695
463.33328
414.03397
489.22995
439.94293
497.74579
448.47397
436.82642
407.82837
448.246
433.71292
424.96661
424.89459
482.62155
468.09244
439.12341
404.38721
410.09464
476.43759
461.92178
435.86475
476.19528
418.40369
458.72348
478.83765
452.79977
452.72296
475.71097
435.27377
458.2569
469.70566
435.05231
414.81393
446.42535
434.83093
365.65668
451.95557
397.1929
466.19083
374.04025
457.40237
419.93341
480.2533
448.5437
454.21716
393.77966
451.18915
468.35254
445.29031
427.98059
445.13913
447.93494
459.34244
476.48688
467.79623
487.8028
444.68585
499.11093
481.81839
481.73654
444.38385
450.04138
492.9552
409.77106
418.29657
464.05847
498.34848
438.12854
426.60172
460.88059
403.55975
457.86234
449.20108
431.96072
460.48914
406.07669
463.19183
437.38461
445.88498
482.95996
434.30435
419.94663
485.57001
445.50613
482.54959
465.33853
456.69635
410.95685
419.44711
445.05185
450.681
456.3082
453.37915
421.94153
441.82306
453.14786
421.72629
427.35257
484.25052
441.44742
478.39066
409.97937
438.37558
446.83929
418.30701
438.15183
440.92194
389.65176
432.24081
446.38327
417.8801
551.39417
451.8389
505.74612
457.36667
414.68427
440.17206
457.13312
414.4725
417.2403
434.19659
428.44785
428.37488
456.66632
433.90091
402.63684
447.92807
376.98917
430.77136
453.3663
396.62796
439.04901
438.97421
455.88907
447.31802
384.96765
483.95773
455.57846
418.72128
429.96478
446.8609
443.957
483.46314
514.4754
460.6879
463.43518
432.27744
449.15292
480.14453
477.23877
471.51059
431.90909
465.7049
457.15958
442.97418
454.18268
471.02841
456.84784
437.03296
467.96838
456.61414
408.62814
436.73486
405.67157
442.21927
450.59244
442.06839
416.65579
427.84375
396.81366
447.39438
492.33115
455.68021
441.54065
486.45538
430.14435
404.77264
494.6377
446.78391
477.61194
426.96838
452.17218
457.71109
457.63294
463.16898
457.47669
446.17407
482.57129
440.41138
488.01587
429.04413
398.12982
426.09433
445.64099
470.78552
434.28149
417.39929
462.14172
428.45822
422.78522
461.90491
431.0376
414.17313
444.88025
450.39923
467.10446
472.61777
436.18799
478.04742
394.11209
444.3483
433.09567
438.60904
463.67294
485.93555
432.79962
410.39139
460.56464
440.95013
421.34232
449.16895
465.82849
437.85968
429.4195
437.70993
432.06009
418.05115
420.76617
451.34079
359.33954
434.47577
484.52469
403.70151
403.63242
439.7449
442.45239
431.24771
417.26508
394.94333
444.93042
430.95258
405.86005
403.0112
419.61566
455.66351
425.02795
394.40286
444.3215
447.02197
413.63272
413.56189
452.34259
424.5188
421.67197
457.65762
449.25961
457.50089
465.73929
468.43131
487.75021
429.47916
459.87955
479.18994
426.48908
479.02576
412.50064
437.34183
428.96436
428.89084
420.51767
439.80823
412.07669
428.59692
486.58148
464.38452
439.43146
447.64584
425.46695
469.59079
441.89203
439.0549
444.50137
466.50842
438.8291
485.66464
452.47354
411.01825
471.62463
463.27103
419.07809
479.65186
410.66589
438.15219
391.23862
421.47351
459.96079
424.08267
426.76321
401.91446
443.13098
418.2879
415.46469
415.39337
448.32782
451.00089
450.92346
415.10828
431.52856
453.43942
414.89453
439.54788
472.43283
425.6658
431.08423
422.77435
428.19138
455.56131
444.50757
430.71423
444.35492
447.02106
466.13818
493.4733
411.1571
441.23282
457.59766
438.34158
416.35297
440.92969
438.11569
435.30267
424.27872
457.04755
435.07828
500.66443
418.51633
467.67316
442.98264
445.64047
448.29739
445.48727
497.32971
439.86987
467.11066
398.75107
409.60532
461.40927
436.76209
453.06271
431.15421
384.69803
417.36649
428.20438
436.31155
430.78354
468.87357
425.18427
433.28632
408.69037
446.7579
443.95737
422.0954
438.35913
430.11691
446.37366
465.34607
443.49915
443.42282
435.18674
388.8812
448.63184
492.05081
467.50369
442.96503
407.56635
412.92944
391.12897
426.36578
423.57712
407.21555
404.43112
436.92749
439.56558
436.77698
469.25095
452.89832
452.82028
395.81061
433.69034
439.0358
417.28311
428.04788
387.34366
476.6485
373.67136
397.97263
430.38599
443.84363
438.35535
389.58203
451.72907
386.74323
424.53299
440.68121
478.47797
497.26148
453.96414
413.36032
432.19769
424.02084
407.74591
407.6756
407.60529
437.22296
445.24286
428.97818
434.29923
426.13315
439.54254
436.7706
409.73874
442.01025
425.76566
471.49451
385.21188
455.17184
428.1647
449.62994
422.63306
457.54916
417.10516
419.72369
419.65125
414.19955
427.57376
443.63202
462.37293
435.41559
413.8421
432.5784
435.19003
432.42899
451.15231
405.42996
464.41901
426.76224
386.43488
442.71347
423.85846
421.10303
442.48404
412.91376
415.52319
415.45139
407.34
407.26959
407.19922
439.2706
415.09253
420.37589
455.10538
428.26044
452.27188
457.54511
403.96121
460.06168
438.58762
395.73013
433.08917
416.97672
427.59445
398.12848
435.46118
494.1496
376.55698
419.21433
461.8569
435.08469
437.67819
413.58771
389.50552
416.11197
402.70535
421.3009
429.22601
391.83417
405.09174
479.63089
428.92893
399.55405
423.45398
412.72958
468.56668
436.54337
393.88556
441.71405
457.60037
412.30103
409.5701
417.47641
404.11099
398.72467
411.94415
403.90106
411.80145
427.66806
416.97052
422.20908
392.93158
480.46143
424.64371
419.263
435.10898
392.59128
434.95819
432.23108
432.15616
410.87482
437.30707
402.78275
453.05203
437.07968
413.16733
436.92816
452.73795
362.65698
415.52753
436.62518
410.09192
460.28143
499.87415
378.14606
420.38318
446.74487
430.80939
412.23685
412.16531
425.30197
441.0752
367.05878
419.80011
406.52832
382.70374
411.66498
366.74039
416.79804
406.17569
427.20157
448.22012
369.05838
405.89374
424.26978
418.92661
374.07077
402.97809
408.1749
384.40765
400.13574
450.07452
436.83859
378.87851
407.74979
433.9808
418.12705
412.79587
344.37494
399.51068
412.58078
365.21506
386.16751
425.49841
464.81564
401.71997
346.5217
412.07919
453.99561
422.43115
424.98105
417.03854
414.3436
464.08905
403.7135
387.91693
427.15857
393.02237
416.53125
382.40872
405.91129
445.1156
411.00586
421.40402
353.28973
426.49045
421.18417
431.57327
423.65277
407.89096
399.9773
418.20413
412.90472
423.28433
370.96246
449.25662
389.11386
420.37872
451.63266
417.62225
435.81735
417.47687
388.70767
399.07327
396.39594
367.64536
437.96927
417.04096
377.87756
396.05093
388.16653
354.23795
385.42709
440.0394
413.92947
408.65161
400.77316
429.32498
403.23505
442.18073
397.89331
426.42572
444.54932
405.48309
384.62204
394.9484
454.63107
402.60306
407.72687
402.46271
402.39255
355.60111
404.84744
386.6138
417.67764
376.1037
383.81824
383.75131
388.86929
430.27365
401.69147
404.21249
406.73267
406.66171
404.00101
398.75195
416.80432
432.26196
367.48795
403.64871
395.81717
390.57492
439.64337
393.02429
452.41611
382.54797
361.80655
382.41446
436.59973
421.02564
382.2142
407.96826
451.78467
405.24463
436.14258
387.0412
399.87274
402.38226
422.94339
381.61395
422.79565
420.14423
402.03098
422.57413
404.46674
394.09302
417.20203
375.93121
391.31204
391.24365
406.61643
406.54538
378.17548
414.11978
370.32813
439.68778
401.04855
362.42282
406.04819
436.81091
387.92304
390.4238
398.05991
338.93369
377.38287
392.71756
364.41922
384.88257
351.46457
428.35269
394.93878
358.97244
417.87338
438.30579
407.4762
417.65408
394.52438
417.50794
366.21588
407.11981
378.88797
396.73889
422.26105
394.04132
414.43845
383.67212
393.83441
380.98087
403.92242
429.41193
416.55887
416.4859
413.85831
418.89429
406.052
411.08756
393.14533
403.28622
395.5596
390.38721
385.21661
425.95963
423.33478
385.01416
448.6796
415.4657
420.48972
430.60794
394.86707
402.43912
415.10175
394.65949
399.68179
389.43051
407.17621
427.46008
399.40158
409.50562
381.46005
391.56366
404.20587
409.21845
406.60538
391.28906
424.24551
398.77164
365.68817
368.16309
393.48459
388.33923
378.12021
375.5166
395.74533
388.06674
446.32526
400.60803
418.28305
334.56772
415.60208
382.59085
372.39063
392.58783
402.64844
407.64163
392.3811
351.81546
361.8761
374.46335
364.27872
381.91965
371.73727
394.4274
391.8302
396.81635
406.85483
376.46411
368.81949
383.909
361.11408
361.05063
373.60913
363.44769
401.23633
401.1658
378.39179
388.41397
383.30225
390.79871
395.7717
352.85538
423.35202
403.12152
400.53159
400.46115
397.87256
395.28485
357.4559
415.28064
379.97788
354.75137
425.12366
384.80756
389.76917
359.53021
419.79709
374.48361
399.54642
417.06311
432.06165
396.82398
416.84299
359.02441
389.08386
441.72067
363.85355
391.38733
398.84378
391.24954
386.16553
378.57614
408.58972
378.44284
390.90521
448.45969
443.37088
413.23904
395.638
413.09348
468.09015
427.96426
477.93436
390.28598
410.22836
392.64941
420.08585
420.01184
394.94153
424.86218
399.79984
379.74289
427.13547
434.55246
412.00296
352.01321
421.84216
439.23746
436.6648
436.5878
416.55603
391.54352
401.44833
408.85663
351.45499
448.58679
378.73981
398.60315
413.47784
390.99136
458.15109
375.91635
398.25168
423.06775
432.94589
417.94296
407.91992
382.97916
397.8302
412.676
410.11758
400.10471
365.24851
457.10107
414.79569
469.35654
432.02972
409.61102
424.431
441.72736
396.98819
399.3988
441.49335
448.85495
438.85797
396.6377
453.57425
421.27869
384.03915
416.17535
426.009
418.50467
440.71399
391.12643
433.13309
440.48038
398.34161
390.85001
437.77356
437.69617
403.00488
373.26981
447.35025
415.1467
442.25073
434.76181
437.15472
464.24042
454.28259
434.45432
419.56915
441.70349
429.28946
441.54724
402.00821
414.26642
404.33139
401.79486
399.25919
460.79172
428.68219
431.06958
411.29074
401.36841
438.22656
430.76447
435.61035
415.84811
450.21735
435.37903
435.30194
400.80029
415.4801
388.36823
403.04498
425.08801
400.4455
437.21887
395.39197
414.96524
444.3515
400.09094
429.46939
412.21756
380.25238
434.14676
414.45084
458.51227
424.10996
470.6051
455.81787
416.53388
433.6084
411.48755
435.90356
386.85706
443.09311
435.67175
420.91153
420.83688
469.68811
403.56662
418.1676
420.53842
427.79752
449.71872
410.53992
427.56989
437.26532
446.95728
461.52972
439.47412
444.27829
405.14896
405.07706
426.96329
426.88748
439.00635
441.36691
490.04971
436.33496
428.94592
419.12271
416.61197
455.5123
428.64133
428.56522
426.0545
450.3205
474.57782
423.39423
406.28894
435.40601
447.48865
420.66187
432.74283
420.51239
430.15878
454.3808
430.00592
446.93234
475.99551
451.62973
402.99576
412.63315
417.41342
463.44064
465.78421
455.9993
436.51743
417.04248
426.66525
426.58939
443.47714
404.6312
416.67178
457.77301
443.16171
455.18897
462.37033
438.0845
425.90695
447.60663
478.97482
372.46967
437.69489
398.93262
437.53912
437.46124
425.30096
434.88947
408.2402
458.88657
432.24249
446.65152
444.15808
456.14636
477.78253
424.61997
412.4834
455.82153
489.49887
455.65915
455.578
385.60577
428.91
450.51621
443.20969
414.2309
421.38074
452.60266
442.89386
466.88098
425.89279
406.57092
493.08984
454.52374
423.18475
435.12946
408.61227
468.61874
485.3544
456.44006
473.17191
463.48166
429.78458
444.11154
415.23023
467.95059
424.67938
465.38477
482.09097
462.82071
457.9429
496.21606
469.76325
426.54559
438.44898
462.32541
452.66272
447.79269
447.71277
457.20789
495.41959
471.4021
480.88785
511.89862
447.2334
466.28311
435.11987
439.82285
442.13422
446.8342
511.25903
441.89734
458.53586
420.24945
496.5697
453.5163
451.04877
508.23395
455.65888
446.03656
465.03522
469.72086
479.17267
448.10129
521.89703
471.76776
474.06567
478.74454
497.71005
478.57336
476.10727
466.50168
428.34329
482.98966
516.20697
501.84418
499.37643
496.90955
480.18073
465.8346
460.99869
456.16449
491.71436
510.6264
517.65875
481.9538
472.37262
486.52792
460.33914
476.86392
488.63873
486.17966
431.55539
469.41028
507.25159
471.61212
490.48355
461.96698
487.93927
509.1658
478.29334
452.16666
480.48895
482.76941
499.24558
503.88748
548.73688
498.9773
487.06589
486.97861
491.61844
470.26221
548.14716
498.44101
503.07538
536.04529
509.97806
528.77136
486.1936
483.7467
509.61246
521.31555
497.63733
478.68372
518.67749
532.72766
494.92368
468.91498
506.52579
473.45776
442.75668
527.44525
555.6015
463.70282
501.27399
503.53702
541.08752
531.58185
505.61765
500.82434
507.78702
467.73834
542.85504
542.75763
509.77167
547.26025
514.28528
540.01996
511.75311
532.78485
490.44949
527.901
483.2359
518.32983
506.51193
522.8327
532.1153
522.6449
531.92407
531.82849
543.44513
501.19119
491.73474
526.76398
552.41754
545.29724
547.53912
547.44074
540.32507
549.58252
544.80725
530.68243
509.55054
525.81769
567.78095
548.98987
497.50555
516.09833
572.0423
513.57825
560.16638
567.06641
543.63257
524.87256
576.08978
543.33911
613.18658
559.46118
510.41647
547.60858
570.80829
568.37616
554.29987
530.91437
533.14697
602.88294
546.91888
490.97488
532.76306
565.23187
548.85065
569.67877
511.45612
562.50037
580.99078
618.06281
613.30524
596.93573
596.82819
571.18012
561.79132
557.04804
587.11566
540.6059
596.18317
524.17548
586.69244
609.77191
577.2085
560.88062
607.12488
623.2334
583.74164
597.53247
567.3219
648.25098
643.50452
617.9306
590.052
624.64825
582.89984
543.47919
610.43665
661.18701
573.23358
584.68518
596.13257
619.12677
644.42236
623.52197
625.71832
607.13733
579.33063
581.53369
629.8811
611.31268
606.58942
624.92792
608.67596
638.53326
603.84662
640.607
640.49127
672.6247
626.44135
642.4469
600.89014
630.70557
667.41443
641.98267
605.05713
671.65302
701.42859
634.62067
634.50598
668.86902
636.57471
689.3064
645.53363
672.97919
640.70734
569.41461
672.6142
626.58862
631.06482
660.77747
674.42163
639.89661
687.9364
653.42133
662.47229
710.48187
705.77039
717.0979
678.02741
673.32422
654.88397
638.73969
652.35791
741.49371
677.29138
709.19702
642.73639
679.21051
731.67676
656.10376
683.4129
697.00061
674.02606
657.91303
671.49793
705.63019
698.65283
696.24347
668.72913
682.29962
743.77716
713.98792
686.49017
668.12347
715.8797
715.74994
752.08496
781.5708
726.75189
712.95331
726.4884
733.18762
739.8844
701.0556
760.09778
700.80139
727.97327
748.31177
707.24243
707.11414
763.81751
793.22607
786.26483
740.68158
724.64587
690.44629
769.79877
767.38867
719.58008
796.61438
778.31665
812.20636
721.32611
766.55335
766.41419
700.52954
804.66937
759.198
734.13574
763.45319
815.41016
745.05896
797.00037
774.21765
808.02771
744.51776
830.3598
735.19861
827.79633
825.38458
802.62543
766.31152
804.59387
779.59106
761.37518
822.22614
831.11047
819.66913
812.74725
792.28449
848.56067
805.53479
850.50812
852.60901
832.15747
883.86554
840.87219
800.14832
878.87628
874.21014
894.3255
846.8645
844.45856
882.58002
880.16834
884.50952
843.84399
879.68787
868.28064
935.59326
847.72705
838.5799
885.63092
923.67523
858.34473
932.32513
864.77063
882.57916
882.4184
895.7273
944.9436
911.1098
904.21271
919.75104
950.98389
917.17346
885.61737
943.7392
939.08472
945.63611
952.18512
945.29144
893.60791
956.14294
938.05823
931.17206
926.52631
975.58411
1006.72662
977.46515
894.54175
974.87274
925.51306
1030.39539
981.04358
965.22443
971.75006
960.40527
1029.45593
1018.10468
968.80884
1028.89258
921.59454
928.11951
1030.56006
1068.28601
1054.71204
989.86609
994.14343
1054.13452
1011.60614
1044.8385
1069.14905
1017.73309
1097.7041
1010.68286
1052.78784
1077.07459
1039.05359
1038.86377
1076.48438
1060.72156
1091.65442
1058.11108
1093.47803
1048.83606
1097.52185
1121.75562
1137.0968
1103.58167
1152.22168
1067.66345
1116.29224
1124.96362
1104.79175
1182.22156
1084.42896
1106.40308
1166.0553
1148.1106
1192.22119
1169.84692
1116.46777
1164.98938
1191.349
1166.7771
1115.651
1172.98975
1230.3075
1150.43677
1187.82971
1209.72803
1160.86108
1240.23584
1171.48792
1171.27344
1270.48853
1201.77258
1265.60596
1238.87415
1218.776
1229.59045
1302.2002
1213.69312
1184.78882
1255.16077
1246.10877
1195.16333
1274.31335
1265.2627
1247.39978
1271.40955
1326.25354
1301.78113
1272.91296
1239.65161
1243.82739
1283.21851
1346.80237
1306.95081
1253.9148
1251.48547
1295.23694
1334.57495
1406.87207
1305.51367
1368.99976
1337.99023
1372.89087
1398.99365
1365.79981
1321.64087
1363.10364
1356.26978
1382.35144
1346.99683
1366.49036
1421.06458
1374.75916
1427.11951
1365.48743
1314.83472
1367.17712
1412.92847
1432.38074
1403.65051
1403.39282
1385.62329
1547.32349
1446.3833
1461.43201
1421.79089
1419.34277
1405.96265
1436.31067
1451.34717
1477.30493
1483.58826
1485.50024
1498.33228
1476.21936
1438.83093
1499.68921
1449.21484
1424.94482
1533.77039
1492.04285
1561.55884
1454.42493
1515.20154
1480.047
1562.58997
1621.13403
1501.01599
1535.59021
1493.93066
1548.08936
1469.43481
1497.45947
1634.28076
1475.15112
1529.26306
1526.80676
1546.09668
1482.76209
1573.78613
1536.54981
1468.90588
1564.22705
1555.25061
1602.74243
1661.07349
1565.24634
1580.15198
1655.8158
1568.72131
1679.06873
1559.46777
1658.93335
1578.40649
1645.3158
1632.00855
1636.04175
1629.24072
1663.59888
1613.4801
1621.84412
1595.56592
1694.84106
1675.05127
1657.4325
1719.86414
1596.25879
1643.54077
1615.12964
1705.62561
1672.89075
1672.58228
1635.54431
1633.08252
1630.62146
1725.33276
1647.29175
1685.84204
1754.59253
1648.53796
1706.48291
1680.2843
1658.40845
1748.66199
1677.19836
1724.30725
1676.57935
1783.99927
1742.74036
1705.80408
1776.55127
1647.04334
1737.14844
1713.15344
1751.56958
1751.24609
1744.4696
1711.88818
1711.57202
1685.45801
1786.16943
1747.15698
1742.53699
1767.99377
1829.95422
1763.04553
1726.21997
1749.51404
1822.16309
1759.59668
1754.98047
1784.68689
1747.89771
1773.30566
1807.27966
1794.08472
1735.88989
1812.70532
1788.80493
1769.19714
1762.44544
1742.84961
1751.08997
1791.43176
1814.63928
1803.60596
1773.32471
1758.02551
1823.98816
1851.4436
1789.11255
1769.54724
1702.98071
1826.57336
1719.43787
1853.6593
1831.9646
1716.34827
1771.52393
1766.92798
1819.94019
1813.20349
1800.07105
1714.4419
1767.42432
1782.01807
1719.88294
1768.573
1810.85352
1791.3479
1733.51599
1728.93628
1792.48096
1775.12122
1793.94458
1770.20789
1750.73438
1792.94714
1801.12061
1739.13037
1753.68774
1823.49707
1716.65418
1761.21021
1784.24878
1756.30957
1798.4502
1721.69128
1740.47461
1744.396
1778.02026
1680.10828
1705.24805
1764.30725
1766.09998
1704.29871
1687.02734
1714.26111
1667.33374
1709.38831
1641.30103
1664.28796
1750.77673
1699.65259
1659.12854
1671.51538
1631.01148
1683.58496
1706.53345
1661.81677
1676.3053
1701.35559
1734.849
1700.72351
1639.15051
1630.39832
1640.65295
1591.79199
1654.81824
1576.42786
1618.33398
1556.85584
1577.65808
1649.06311
1581.28821
1566.23828
1620.74463
1574.0846
1603.28735
1573.49915
1547.93408
1537.11792
1547.35828
1513.3927
1580.4541
1481.26843
1556.72546
1478.61401
1564.55774
1597.90674
1484.09497
1477.51355
1473.03589
1439.14648
1474.58801
1447.01135
1471.93921
1440.17444
1488.18298
1475.31421
1437.27173
1441.19971
1365.42395
1432.27478
1348.14221
1435.93372
1347.63989
1412.34839
1313.61646
1369.92835
1357.10718
1381.9812
1339.85327
1322.85852
1374.93042
1368.3971
1328.39465
1359.52063
1325.80823
1302.56238
1367.12183
1339.69678
1333.1781
1339.19714
1303.43701
1292.75159
1238.22083
1296.4447
1246.10803
1202.05078
1322.84375
1268.35791
1209.72095
1244.9458
1250.96838
1238.22754
1210.90222
1206.50855
1160.44873
1153.98303
1139.18933
1207.69006
1186.64612
1203.07617
1119.60913
1173.49744
1119.19092
1062.82483
1112.5343
1124.80127
1099.64636
1155.55603
1142.87244
1150.96912
1146.59973
1096.5426
1123.33081
1081.60059
1073.09595
1104.02393
1074.76965
1101.53662
1057.77527
1036.8407
1022.13373
1067.54651
1094.28955
1052.64233
1006.86707
1041.89185
958.85815
1000.09039
1078.57068
1024.55383
922.96069
974.51373
995.01782
984.4903
986.37396
920.02985
919.85767
925.88556
950.50812
968.92358
999.7254
910.73627
906.43616
887.68695
974.20874
945.13568
936.70575
942.71881
884.79346
899.0622
834.98157
896.664
929.47058
871.60175
912.64117
865.09583
879.34924
846.24072
868.72662
880.91303
888.97919
841.49146
849.56189
888.47925
826.62427
859.36353
871.5354
797.38757
795.18323
852.55591
792.83099
805.00372
784.32074
853.96912
773.76428
822.8681
773.47394
746.66223
779.3363
732.0285
779.04376
772.74829
795.146
788.84985
805.09033
753.73438
737.21039
786.21008
773.78021
802.28803
765.3045
742.65601
724.107
728.06116
744.28223
738.00934
715.38709
770.42926
755.98212
745.62598
731.18884
675.91626
726.83069
736.90039
736.7619
701.93469
705.883
681.27338
695.42078
719.75763
678.85046
731.71619
686.7464
698.84186
664.08044
686.35889
710.66522
726.81879
710.39783
655.31531
673.50482
673.37805
713.93115
681.25903
642.49951
672.87116
632.09528
676.68201
682.64966
660.1767
676.29981
601.04218
671.98474
675.91773
645.34937
663.48901
663.36401
655.12598
693.5321
632.57672
630.43042
650.57886
650.45624
678.69714
615.77625
648.06329
649.96594
629.59906
647.69684
601.03027
619.12659
655.42218
629.00568
657.19708
671.22546
644.82092
598.21625
636.49518
624.25366
640.29474
617.95966
617.84308
641.95105
613.57324
607.40356
587.11322
649.53528
609.07648
665.42151
645.13538
626.87256
600.55548
644.76996
624.50299
594.17285
638.36346
614.08228
601.88825
642.02698
653.97919
673.97424
667.81244
599.30872
663.53864
591.04089
641.17828
628.99957
634.90826
602.6471
642.70203
598.40314
616.35913
632.30103
618.133
650.12079
641.97321
633.82861
589.58978
625.56873
623.44574
619.31928
619.20209
659.15515
649.01477
662.91126
626.74304
646.64441
638.5155
644.39838
644.27637
658.15778
672.03388
683.90497
665.78137
639.66876
653.53772
641.42474
613.33362
629.19708
655.03986
652.91907
660.78064
672.63104
648.55689
632.47253
690.20203
644.1994
675.98206
677.84766
651.80634
681.57648
633.6264
617.56903
671.23004
643.22308
698.84985
720.61444
670.72101
660.64435
630.67633
730.01361
676.17859
644.23615
675.922
697.65772
693.55084
691.43231
651.57117
677.26709
704.93897
706.79047
662.98657
682.70685
678.60877
702.28619
670.41711
668.30676
666.19708
689.85883
707.56555
727.24719
695.40949
705.18158
651.57489
675.21228
706.75946
730.37726
740.1333
698.44226
753.69952
721.91089
749.45813
741.40729
737.31293
719.38574
764.69605
736.89246
740.70276
738.5871
720.67651
777.78778
704.61273
763.67859
767.47925
765.36066
763.24286
747.323
782.66693
717.47241
760.69135
760.54657
787.98114
768.13538
758.14319
763.90533
753.9176
732.12524
761.50134
759.38904
773.01312
784.66534
827.77246
845.30725
866.76624
776.20734
785.883
803.41229
815.04297
781.50671
783.32098
792.9859
867.40833
831.92542
816.07312
825.7243
827.52783
817.56708
862.49628
850.57269
860.20789
858.08472
879.46704
838.17395
875.21564
859.38788
865.09564
864.93054
870.63501
862.64441
854.65686
895.5564
873.88062
873.71381
904.81494
887.05743
882.98108
857.42188
888.50226
911.76111
909.63501
917.26788
956.11792
952.03351
912.84137
955.57019
920.29175
945.45813
925.78723
941.19959
958.55426
948.63153
965.97809
921.00873
973.39606
945.96014
955.50952
939.76148
910.40228
954.96161
993.67023
962.37323
995.23407
975.60931
1023.99951
984.94965
976.99188
1013.70221
1005.74194
1036.60901
1048.05566
1003.2243
1030.19373
1022.23767
1027.86011
1017.96845
1017.77356
1042.77588
1083.27161
1019.12665
1016.99439
1072.9657
1107.61536
1074.49085
1047.18604
1083.75574
1042.91504
1123.96582
1096.67224
1088.72693
1125.25342
1059.31397
1148.0144
1141.99744
1145.64246
1124.17566
1094.99207
1121.81384
1140.90344
1140.68469
1092.2229
1180.76379
1155.46057
1207.31152
1160.80212
1172.14673
1193.12451
1179.40564
1196.52026
1194.36438
1165.24487
1234.34485
1243.7345
1195.37293
1306.76721
1185.29321
1296.64661
1213.68982
1305.76416
1288.20923
1207.224
1233.89966
1239.42749
1273.77148
1277.36865
1211.82678
1321.04065
1295.8302
1297.50073
1222.41003
1354.56152
1317.854
1329.10828
1313.51257
1391.86401
1378.17896
1330.0033
1320.16724
1340.98621
1388.61157
1447.70825
1367.01709
1395.46765
1421.99329
1433.20068
1436.75134
1405.87097
1445.76062
1464.60266
1433.7345
1485.06323
1511.53027
1492.13403
1482.29602
1504.92847
1529.46155
1519.62183
1479.24646
1589.64539
1486.30896
1541.34326
1541.04651
1550.28418
1557.61169
1574.46692
1623.71362
1640.54956
1611.65808
1687.5343
1631.9845
1608.82288
1583.7666
1684.33093
1695.42346
1626.60791
1706.18262
1808.54736
1756.86182
1707.09729
1689.66248
1797.65198
1774.50659
1736.17371
1764.32642
1707.02222
1803.51318
1797.47119
1931.86133
1863.18457
1822.98877
1871.94885
1841.24793
1802.97522
1910.67114
1912.19763
1875.82788
1930.40369
1903.51453
1954.27637
1978.51221
1991.38086
1953.14478
1947.09106
2012.92993
1955.79663
1981.89465
2043.90674
2018.93689
2039.33728
2084.29517
2100.89624
2098.60132
2098.1958
2143.10718
2152.13232
2087.54248
2162.62305
2169.7522
2171.21924
2233.03784
2193.00757
2198.2395
2156.34619
2308.57813
2195.08032
2262.47339
2280.87061
2293.61108
2308.22925
2300.25342
2303.57227
2389.68213
2257.53052
2371.8291
2395.81738
2361.5105
2464.44336
2482.76099
2452.21509
2431.07422
2460.65747
2497.74121
2555.46436
2502.40576
2509.42896
2488.30078
2583.5044
2616.7688
2588.12988
2617.63013
2592.75147
2620.36475
2726.67529
2743.00977
2705.0127
2770.04028
2758.26831
2737.13965
2770.30176
2708.00659
2795.42334
2787.39844
2813.04321
2825.58789
2890.47754
2899.26343
2816.46851
2980.35571
2994.72315
2956.78565
2933.80225
2992.98071
2979.33276
3031.01343
2961.38232
3147.37402
3185.93457
3106.98877
3218.26025
3157.98071
3172.27832
3139.98315
3247.43506
3250.53003
3251.76123
3247.40552
3371.50757
3285.23193
3312.5083
3410.47656
3398.65259
3394.27246
3391.75342
3463.60132
3394.15308
3480.8396
3574.92456
3455.33643
3560.53369
3596.9812
3650.12402
3567.73877
3639.42529
3609.02905
3701.08618
3739.31763
3823.89551
3825.00586
3787.18701
3879.11914
3726.41724
3810.91431
3823.13892
3866.84155
3953.11304
3998.62402
3970.08301
4015.57275
4048.09351
4034.35693
4140.8374
4056.82398
4150.31738
4088.51416
4165.33301
4151.58838
4213.58643
4268.17285
4259.95508
4262.81738
4354.27783
4397.72022
4435.61035
4462.41748
4365.64014
4302.09277
4491.15088
4510.55176
4491.24316
4599.08008
4596.34082
4750.16113
4662.68457
4669.13965
4743.70117
4796.14844
4782.33252
4823.71289
4883.4707
4770.33936
5028.65576
4928.4082
4964.20459
5056.95117
4965.9419
4998.03565
5162.34326
5086.05469
5072.21143
5232.73682
5251.90088
5243.53662
5365.4126
5384.53857
5255.13428
5351.27051
5394.21484
5374.83545
5425.08643
5601.71338
5618.93359
5586.70703
5616.73828
5712.65137
5706.04492
5617.10498
5718.44922
5774.02881
5811.30078
5943.62695
5942.46484
5879.1665
6000.4375
5949.94043
6173.43115
6090.04883
6068.77441
6251.95166
6261.67871
6322.49268
6284.76904
6372.91357
6490.20068
6450.64209
6578.80469
6502.79346
6497.87647
6613.20068
6608.26318
6688.91895
6682.14697
6691.76123
6721.39111
6725.53369
6946.17432
6822.94287
7016.19775
6976.63965
7100.70801
7033.88525
7008.88379
7189.19336
7158.7207
7342.56201
7339.30713
7346.94531
7300.12891
7492.87012
7438.78565
7515.32813
7611.79053
7655.6294
7719.39307
7804.88232
7935.64209
7908.71973
7916.22607
7813.24902
7940.28174
8177.7002
8157.99512
8145.53565
8335.72949
8296.10449
8399.37793
8379.64648
8406.92871
8667.37793
8553.62793
8582.66504
8676.72559
8740.04395
8821.39453
8937.0166
8982.19434
9014.71973
9020.16699
9045.45508
9209.61719
9159.11719
9195.18066
9341.18848
9231.2168
9416.80078
9339.28418
9600.42481
9503.0918
9555.23828
9700.97168
9895.24121
9959.875
10058.66406
10114.24512
9991.76465
10157.01563
10223.3291
10332.75098
10330.71777
10422.1084
10423.65039
10586.82227
10688.87988
10546.75098
10781.59375
10840.48438
10992.64551
11072.99512
11054.67383
11077.60059
11242.1416
11336.71582
11327.31445
11486.33301
11417.79199
11521.20996
11626.37598
11858.60742
11734.55859
12050.78516
11908.85352
11985.21484
12016.83398
12212.94824
12364.29004
12274.26856
12346.90625
12376.63281
12381.33789
12625.36719
12721.08887
12704.29785
12639.31836
12768.88574
12978.69434
12977.91797
13182.24902
13252.75977
13253.70996
13448.95215
13303.72656
13308.22754
13563.91016
13659.19336
13521.16016
13801.57324
13747.22656
13854.85254
13855.67578
13733.74805
13896.44824
14028.85254
14116.75586
13961.0957
14070.30273
14014.2168
14183.77051
14289.31445
14252.75
14301.42285
14369.60059
14089.89648
14319.56055
14309.63281
14528.51856
14474.21875
14753.2666
14385.17969
14649.95508
14606.30273
14523.69043
14345.46289
14486.06934
14476.12109
14289.15527
14479.24316
14548.92773
14386.82422
14359.21387
14450.10059
14482.60254
14212.80371
14330.17383
14216.0127
14294.4668
14256.30859
14306.46582
14107.64453
14081.90137
13997.92383
13903.3916
13893.58008
13566.26758
13801.66113
13578.52441
13655.16309
13488.54297
13515.82715
13373.96387
13475.24023
13407.40723
13193.45703
13092.25781
13216.3877
12948.04883
12868.06836
12828.57715
12797.89453
12760.18945
12666.24316
12405.35938
12262.31543
12289.75
12120.43652
12130.3252
11892.62891
11788.44727
11689.57227
11594.24512
11683.17773
11394.93262
11329.5332
11316.76367
11291.72559
11322.78613
10889.44629
10915.31641
10615.35742
10665.79004
10381.75781
10419.96094
10484.40234
10351.07129
9972.8457
9983.10938
9799.23633
9795.54102
9690.44824
9578.40527
9569.51074
9431.32715
9473.12305
9135.91309
9099.17285
8964.68262
8861.66309
8732.50781
8781.36914
8568.54883
8605.21289
8385.53613
8312.38965
8214.86914
7986.68652
7925.85791
7744.85596
7698.03223
7628.58936
7517.39111
7505.45117
7453.48926
7316.29297
7198.28565
7125.54443
7061.52637
6875.83691
6853.60889
6636.75342
6607.63135
6634.10938
6469.5293
6303.27832
6270.77246
6281.67285
6311.6582
6088.31299
6031.58838
5981.82373
5854.04785
5682.98047
5697.44727
5654.71973
5563.49463
5479.23535
5417.52393
5399.12744
5271.66895
5227.34424
5229.7627
4969.18604
5039.11914
4858.24268
4895.31543
4859.76123
4744.71094
4740.30713
4647.7876
4589.85352
4531.94238
4512.04297
4386.83936
4322.09815
4316.05762
4168.5376
4191.85547
4208.26514
4081.54639
3901.43384
3950.64063
3951.57446
3826.73047
3762.22827
3702.91846
3745.22681
3568.875
3587.09522
3574.33154
3532.32324
3471.40918
3398.47998
3330.73853
3331.7915
3217.68115
3215.31885
3262.78394
3104.09229
3122.36328
3006.69092
3119.39697
2972.87524
2936.24194
2964.82202
2857.87329
2871.02148
2841.29639
2839.01318
2771.59717
2743.62305
2719.08667
2650.02173
2604.96167
2556.49487
2648.42944
2500.69824
2479.66187
2436.39111
2488.93164
2378.97607
2416.11743
2338.70215
2305.75781
2380.48682
2260.41113
2251.41699
2136.53857
2204.41089
2144.21753
2094.28931
2032.43543
2124.15991
2055.50147
2051.67798
2063.20215
1963.91077
1886.8169
1932.44885
1959.32117
1911.2323
1829.10107
1876.4104
1899.86707
1761.61975
1797.00183
1733.69055
1743.54846
1654.76294
1712.24207
1742.49805
1633.37
1646.63635
1637.81067
1601.8103
1628.66113
1592.67688
1605.93762
1498.68701
1522.1427
1491.29822
1477.42847
1429.64612
1466.66101
1412.11902
1410.14014
1401.38391
1399.40784
1348.31067
1342.95886
1320.67737
1317.026
1328.60852
1272.5
1265.47669
1216.16931
1232.83582
1222.44299
1235.72046
1203.35962
1159.18323
1160.63928
1194.18738
1151.72815
1141.36572
1117.50281
1178.03613
1105.24097
1148.88159
1104.79565
1043.86377
1065.57178
1107.49939
1061.77161
1032.91248
1031.01953
1000.49377
986.82013
971.46826
983.0556
1004.73608
977.61127
972.36725
928.44025
963.56696
939.83472
926.19757
890.71814
909.0213
875.23944
891.85864
898.39563
878.06744
859.42596
839.11377
840.62225
825.35461
838.60565
828.37506
816.47205
769.37372
807.76306
789.16919
758.85651
731.90576
765.24799
733.28424
763.26495
743.02887
714.43512
726.00043
684.04181
722.36267
693.79608
703.68457
731.95142
648.26422
636.44
637.98138
632.84302
624.36786
667.63806
627.45282
657.35742
605.51392
617.06561
651.9563
640.15485
611.69086
596.56946
616.44141
612.98517
589.54572
559.45551
590.97174
569.21521
569.09992
544.02924
532.27551
550.46094
561.98822
525.30267
520.21021
559.98505
498.40201
551.45313
529.75269
503.08002
491.35809
506.1954
516.04871
492.71829
500.91162
480.91031
515.63025
475.74237
460.73016
457.32275
483.73608
435.60541
465.32428
451.98489
445.27203
461.73117
453.36438
454.92664
433.33304
411.74817
423.23749
439.68091
411.49744
422.97974
416.28613
424.45953
388.04565
416.03253
364.77979
401.01123
407.52942
371.15582
377.6774
387.49411
369.28101
388.98486
374.07465
360.81802
411.80899
382.08102
393.5293
337.47742
347.28418
348.8591
363.59518
348.71719
345.35715
355.15222
338.64108
358.29483
353.29227
307.21957
358.07611
339.93887
339.86966
315.17725
349.57858
319.97156
321.54697
308.3598
329.61542
313.15283
331.12036
342.52506
303.13025
283.41
321.02338
343.88351
307.79489
306.09531
327.30792
283.06366
266.64722
335.28552
279.62018
297.54675
297.48608
272.91232
276.12442
279.33518
292.34384
257.9939
282.42935
311.75147
265.99539
261.04648
251.20598
262.57083
277.19211
239.64073
260.78021
236.28381
254.15689
247.58948
229.62492
258.88586
236.04268
283.19336
258.72726
235.89806
256.99503
234.17546
253.63826
237.33089
224.28061
237.23389
225.81351
203.02818
245.20792
232.1693
227.25214
219.09119
230.40434
243.3351
210.84729
244.85715
215.62476
225.30609
225.26
213.87221
230.02757
218.64343
200.78694
173.22424
226.60216
226.55577
190.91505
197.34634
203.77498
231.22109
239.25673
214.9637
198.7603
205.18202
205.13998
216.40257
201.82672
187.25682
188.8324
190.40733
201.66135
201.62001
206.41658
195.08817
198.27211
172.44525
207.85866
198.15018
196.4989
181.96576
172.26851
178.6718
209.21234
170.55353
196.25719
165.65854
202.60867
160.76753
168.77127
160.70155
171.91536
168.66736
160.6026
181.44368
171.77423
166.92384
155.65662
190.92096
158.80078
152.35329
179.57961
166.71823
165.08125
157.03532
132.97197
158.57253
166.54701
179.32146
158.47478
161.64305
200.01215
167.97566
180.73663
153.51459
142.29155
147.05765
164.60675
159.77951
146.9669
177.28229
124.55111
169.22694
191.53824
153.19905
153.16753
161.11183
138.75093
148.28943
175.35999
133.88368
149.79137
154.54012
148.13681
144.92122
138.52251
132.12643
127.32455
147.98428
125.68118
152.69502
143.12209
139.91275
146.24228
136.67656
136.64838
141.38603
130.23892
131.80002
152.41196
128.57108
115.84879
150.73103
152.28626
122.12107
130.02417
128.41202
133.14053
153.7139
126.74818
136.22617
129.86325
117.16948
158.30444
139.27914
121.84409
131.31131
134.44768
126.51285
140.71648
121.71832
146.98007
153.27013
121.6429
124.77667
107.3805
121.5675
153.11182
108.89208
138.84815
129.35448
152.98526
148.2231
115.08563
135.55229
122.91734
119.74085
140.19383
133.86528
119.66655
114.91909
135.35613
118.0187
116.42102
128.98038
157.26059
116.34875
116.32466
116.30058
141.41736
133.53319
136.64684
130.33723
122.46022
108.30776
136.53366
112.96997
145.88931
111.35478
130.14833
109.74091
150.47063
136.33574
141.00774
119.04852
126.85436
125.26228
111.14722
137.73137
128.31397
128.28735
118.87582
114.15967
132.89806
126.61776
135.96864
96.87708
120.29012
128.07459
120.24019
137.38884
132.67758
143.57416
113.89932
116.99555
129.4482
127.86202
109.12783
144.95401
109.0825
115.29183
115.26788
123.03068
129.23323
112.08263
127.62314
122.92844
104.2341
132.20979
138.40266
118.16196
116.58296
127.43753
104.10413
138.25882
107.16713
124.22589
121.09506
105.54808
136.56322
113.26183
114.78946
113.21468
114.74168
108.51684
127.09327
110.02126
128.58963
120.8181
139.37648
125.4127
102.16685
126.90813
114.50299
129.9493
111.3619
111.3387
119.04575
98.92649
123.63235
101.97543
123.58081
129.7328
120.44106
112.69698
121.93432
108.02054
111.08366
101.80546
103.32641
118.7235
123.32335
127.92129
120.1901
124.78675
120.13995
100.09573
120.08981
106.21111
123.11762
124.63056
104.60629
90.74239
112.25103
133.75069
122.96346
102.96038
113.69368
99.84521
113.64619
142.79578
118.20405
121.24895
141.1718
115.06165
105.83459
108.87949
128.78825
121.09695
133.33206
107.25623
117.95718
120.9957
90.34497
87.26418
96.4297
119.36417
111.68926
119.31423
110.11317
122.32236
119.23933
105.45888
96.26838
109.99797
125.24925
123.69591
125.19679
116.01176
108.35671
102.23068
94.58171
114.3894
126.56441
134.16066
115.84174
124.96095
121.88757
115.76892
111.17579
109.62985
100.47296
101.97389
103.47419
121.70882
106.47288
95.8055
110.98943
123.12682
123.10099
120.03628
107.85807
129.09876
95.66489
115.38104
107.76756
100.15727
122.89447
116.80109
131.94235
121.30082
116.72752
142.46861
119.70911
119.68397
124.20284
96.91843
127.17872
131.69313
128.63867
118.02009
104.38045
119.48293
130.04268
113.38548
119.40759
119.38248
93.67288
120.84282
132.89914
125.32169
111.70909
122.25045
137.31421
105.60409
110.1068
108.57564
119.10654
132.64771
93.43667
125.05824
125.03191
114.46295
123.4735
129.46933
124.92664
115.87139
115.84699
100.78069
108.27882
114.27023
132.28503
133.76007
135.2345
118.68082
130.67159
105.11589
127.61382
136.59305
138.06496
135.03507
117.00571
145.47643
154.44238
170.90018
181.35579
178.32054
158.80664
173.75172
148.25682
139.24217
136.21896
128.70723
113.71726
118.18115
110.67796
139.0659
113.62126
125.55488
124.03397
122.51371
112.03156
110.51445
126.91545
125.39583
94.027
116.38979
110.39774
126.78142
134.21077
113.30959
101.36083
122.20339
123.66753
104.27586
119.14721
90.83053
113.14198
98.23409
110.11795
111.58242
116.02116
126.40656
111.5116
104.05547
115.92298
112.92669
132.2151
135.15761
111.37005
118.76957
117.26011
129.10721
112.75942
120.15235
130.50824
93.41224
99.32213
128.94319
115.57975
118.51821
118.49309
116.98713
112.52072
125.81886
99.15385
116.88796
125.73885
124.23322
119.77091
119.74551
118.24208
134.47183
119.66932
109.30433
104.85082
125.49899
129.9008
119.5424
116.56599
88.51234
113.56672
125.33924
97.30157
128.23392
128.2067
111.97286
111.94908
117.8161
92.76048
110.40567
113.32574
110.35876
114.74872
125.0201
113.22943
113.20537
110.24152
138.14
113.13318
116.04702
95.46142
114.52934
104.2289
133.56073
142.33664
132.03684
111.47405
129.04775
104.09591
137.7878
96.72403
136.26395
131.84026
120.09555
112.74864
103.9409
127.33707
108.28663
100.94846
137.49471
130.15341
130.12569
105.2478
127.14732
121.27562
138.77986
115.38181
115.35722
124.09207
119.68683
116.74274
118.17683
138.57289
123.95983
125.39143
116.61832
88.9025
125.31121
107.80292
119.4318
139.79276
115.01325
128.08868
138.24803
132.3988
123.64281
117.79916
117.77402
129.37839
117.72372
119.15165
130.74828
123.4581
119.07531
123.40536
140.7972
121.90142
136.38434
118.94815
142.12717
115.99737
115.97257
118.84647
121.71914
140.52657
123.11551
144.81081
143.33203
124.48402
131.69328
146.1338
131.63695
138.84003
127.24279
105.53109
137.30559
130.05113
125.68919
148.77258
116.97086
134.27112
141.4597
132.77046
131.29918
139.9263
118.26287
122.56329
149.92767
116.74557
