134.26401
134.26401
141.3051
148.34364
127.12881
105.9216
84.72203
105.88348
91.74918
197.57806
126.99162
169.2917
119.89339
148.07697
176.25041
190.31622
218.47192
63.41593
176.1237
63.39314
147.89075
183.06993
91.51852
105.57932
112.59771
70.36093
28.13932
133.63776
189.87218
182.80705
112.47645
63.25665
161.62686
168.62384
91.32153
112.37556
105.33318
161.4819
133.37416
119.31338
70.17175
154.35017
189.39578
112.21442
140.24287
119.18507
154.21187
126.15073
70.07118
119.09966
105.06911
98.04693
70.02097
189.02277
132.9922
104.97504
160.93291
146.91243
160.87529
167.83981
139.84148
167.77974
195.70799
167.7197
97.81899
160.67387
125.72227
125.69978
174.5518
195.46306
118.65278
104.67491
104.6562
174.39581
146.46629
244.06686
188.24651
181.24202
188.17923
146.33548
125.40801
104.488
111.43396
181.04785
187.97765
41.76535
104.39474
97.41769
187.84345
125.20661
159.95767
166.88257
55.6176
118.16631
111.1955
83.38175
131.99756
118.08202
55.5581
76.37876
62.48057
131.87991
124.91659
228.97293
131.8094
187.27472
145.63216
166.40709
207.9718
0
90.08901
103.93034
48.49219
124.67199
103.87483
166.17014
96.91532
117.66194
186.84158
117.62006
110.68153
214.4073
76.06648
145.19197
138.25348
131.31744
138.2043
96.7258
145.0629
131.22405
145.01132
20.71222
69.02846
6.90162
138.00784
124.18499
165.55057
172.41786
151.70076
55.15411
179.21903
117.16086
220.49892
158.45546
172.20361
179.05995
89.51408
130.80505
89.48231
240.87114
75.68893
158.23058
55.02696
185.68303
48.1315
164.99303
185.58423
68.72271
171.77631
116.78718
75.55478
89.27618
82.39417
178.48906
151.00244
157.83821
150.94891
157.78227
171.47208
144.01103
164.55489
150.81526
75.39427
150.76184
68.51598
95.90538
157.53095
89.02347
178.01543
109.52856
88.9762
177.92091
171.04753
171.01727
102.59221
123.08888
164.08946
143.55289
123.02358
157.16899
75.15449
116.1273
109.27696
184.37228
170.68491
116.04522
102.37475
197.88953
150.09657
170.53415
47.74112
184.11182
61.35976
115.8813
95.41481
143.09694
149.88461
129.42294
170.26329
183.8519
136.16255
122.52467
108.89159
115.6769
88.4432
122.43821
129.21753
156.39363
40.79115
81.5679
108.73802
210.64276
156.25578
88.30292
210.53137
67.90138
210.45715
101.81616
135.73096
169.6338
196.74054
183.13995
108.50826
183.07544
88.13191
122.00731
182.97873
121.96434
81.29524
94.82775
128.67215
74.48129
121.85703
94.76101
148.88394
128.55896
162.36169
135.27762
142.01651
101.42252
108.16499
74.35035
121.64282
175.6754
168.88895
128.33304
87.79137
141.79192
162.01941
121.49321
209.20152
168.68126
128.17523
101.1732
67.43695
53.94008
114.60255
161.76341
141.51813
114.54218
87.5757
121.23737
148.15299
154.86003
100.97794
87.49886
148.04901
222.03455
134.54277
100.88937
114.32124
80.68319
127.72597
114.26109
161.28148
174.69096
114.20099
73.8818
120.8763
134.28345
154.3989
93.96547
100.65965
87.22307
127.45754
93.89962
140.82475
67.04766
33.51796
167.56044
167.53108
167.50176
93.78455
100.46586
147.32413
167.38448
160.66097
174.01891
133.83728
86.979
193.99612
187.27383
193.92825
113.66219
113.6423
133.67345
93.55505
100.22002
146.96365
133.57996
120.20094
133.53325
93.45694
146.83522
146.80956
133.43991
166.77074
113.38429
113.36447
160.01601
159.98805
99.97506
199.91519
73.28944
126.56873
119.88628
133.18372
119.84442
73.22547
179.70387
86.50898
133.06751
113.08765
126.37002
172.89722
99.73099
132.95145
126.28185
93.03355
139.52597
186.00218
99.62665
79.68742
159.34705
179.23418
159.29149
46.45192
99.52248
66.33675
152.54794
125.9959
99.45311
33.14526
86.16267
119.28136
132.51177
158.98642
152.33545
152.30891
205.25017
152.25588
119.13602
218.37801
132.32727
138.91945
191.80774
125.64527
119.01164
152.04398
145.40805
158.59937
191.60756
145.33217
118.88746
92.45194
151.8589
125.42685
151.80609
112.185
32.98985
158.32375
184.67893
164.86324
151.64781
158.2137
125.23074
72.48941
144.95363
151.5161
184.42233
98.78052
151.43715
171.16008
138.22067
190.84302
65.79651
164.46271
111.81522
111.79582
190.6774
151.20065
144.60161
98.57489
144.55142
111.67944
197.04717
190.44588
144.45111
242.89838
72.2005
131.25087
91.85967
78.72321
85.26869
242.64572
111.46655
124.55866
196.63747
58.98101
124.4939
189.98407
150.65091
104.78247
85.121
176.75914
183.27402
163.60918
45.80263
176.63669
104.65547
98.09751
183.08365
124.21381
150.33806
163.38265
130.68349
111.06174
202.48929
78.36939
169.77094
130.57044
189.29437
182.73535
163.12834
189.19614
156.54903
156.52194
130.4124
117.35086
97.77547
104.2758
117.28999
175.90457
123.7633
234.45834
58.60445
78.12576
182.26195
182.23045
188.70607
97.58972
130.09714
97.556
156.06264
188.54311
149.50836
136.48406
116.96613
149.43092
103.93399
181.85309
181.82169
168.80528
129.82781
149.2762
84.35894
136.24861
129.73819
201.05949
90.7854
181.53947
110.20138
220.36473
213.84653
103.66528
142.51517
71.2453
174.84467
161.8653
142.4169
161.80948
103.54022
135.87311
103.50452
109.95461
122.86926
90.51965
109.89777
116.34229
84.01051
142.14714
109.82205
148.55719
109.78423
116.2221
58.10104
83.90928
180.69655
83.88038
174.18311
129.00232
116.08209
116.06211
154.72286
167.58757
116.0022
115.98224
90.19289
173.9135
83.72173
135.21951
109.44459
135.173
141.58545
141.56111
115.8028
128.64766
135.05681
167.18445
192.87198
160.69902
147.81767
122.08927
83.52041
122.04731
64.22439
179.79738
166.92603
121.96345
77.01631
70.58616
115.48478
128.29439
134.68597
211.61304
141.05113
224.36099
153.82112
89.71359
89.69818
185.77148
57.64332
134.478
172.87061
217.65157
153.61003
217.57687
172.75198
166.32523
179.08875
127.89859
76.72599
159.81841
134.22443
166.15413
159.73619
12.7767
102.19611
153.26788
127.70134
121.29547
114.89181
70.19962
191.42072
178.62871
178.5981
184.94492
89.26846
133.87973
82.86373
76.4765
95.57925
89.19202
57.32791
82.79279
165.55724
120.96342
127.30811
178.20085
216.3497
152.69128
178.10934
146.27907
114.45967
146.229
63.56695
114.40093
101.67231
120.71521
101.63753
107.9714
120.65328
76.18903
114.26401
133.2852
164.99156
196.68707
76.12391
196.61981
120.48832
95.10609
145.80441
120.42654
171.10321
101.37716
107.69483
88.67471
132.98933
120.30312
139.27455
151.90991
82.27049
132.87578
56.93704
120.17987
202.37364
120.13883
56.89815
183.30718
145.35674
101.10046
208.48412
126.33244
170.51968
113.66039
107.32761
246.18013
82.04604
208.23518
145.10886
145.08409
94.60392
157.6463
151.31464
107.16292
170.17091
132.33258
214.21622
94.49104
125.96657
69.2698
119.62744
113.31194
138.46877
113.27332
44.04322
138.39798
150.95389
132.06213
132.03964
106.87102
62.8546
182.24727
131.94968
56.54023
182.15416
119.32205
182.09212
144.3933
150.64562
112.96497
119.2205
119.2002
163.0883
100.34495
250.81967
125.38849
119.09879
125.34581
112.79204
144.09863
162.86639
75.15631
106.45333
187.82686
131.45644
125.17532
87.60782
168.9292
81.32245
162.61723
231.37749
118.79527
100.02111
143.75591
124.98389
156.20329
137.43555
162.39621
112.40904
87.4144
174.79909
156.0441
149.77687
143.5118
118.53307
93.56285
187.0939
87.29566
93.51518
149.59888
174.50238
99.69872
124.60223
193.10068
149.47191
136.99266
205.4541
93.37238
161.81798
118.23154
149.31975
105.75021
211.46452
223.86562
136.78355
155.40949
161.59845
142.92822
161.54363
124.24326
105.58885
105.57095
186.27008
186.23848
148.96553
86.88182
179.93898
117.87107
155.06722
142.63767
167.41583
179.78653
86.77879
111.55381
136.32045
136.29735
142.46854
130.05792
173.3812
185.7341
129.99184
74.26847
179.45174
86.6172
154.64739
173.17574
191.69782
129.83781
247.26825
129.79385
123.59227
117.39278
154.43803
67.94124
86.45602
135.83647
117.29347
135.79051
197.48004
197.44664
123.38327
166.53923
209.68059
172.64893
141.79477
147.93474
123.2581
135.56097
86.25149
203.27271
160.12717
147.7847
129.28975
73.86737
147.70976
110.7636
104.59238
172.24069
92.2562
227.52684
172.15338
153.6824
79.90134
141.34004
196.61379
110.57657
116.7
128.96242
178.06088
79.80692
202.55257
184.10761
122.71767
122.69695
116.54243
116.52274
171.68874
98.09129
153.24178
30.64318
153.19005
153.16419
128.6362
140.8635
177.58052
140.81596
140.79221
116.28698
97.90936
73.41963
159.04903
214.06836
85.6129
213.99616
146.71547
91.6817
61.11083
219.9619
134.3985
177.13178
201.52977
177.07207
140.4128
103.76588
146.46831
183.05452
201.32605
103.69594
164.6658
158.54034
231.67377
176.77388
91.41937
219.36951
103.57371
91.37317
176.62505
164.41631
127.85782
206.97304
152.16043
188.64716
127.77172
182.50029
121.64639
36.48777
109.44489
139.82271
91.17337
109.38963
170.13301
157.95407
127.55682
157.90091
109.29762
127.49244
230.66179
133.51857
133.49611
169.87557
212.30875
127.36382
103.0867
103.06937
157.60899
115.15643
181.79538
175.70599
181.73425
72.68148
169.56162
199.80689
115.02099
157.37068
199.70615
163.36848
102.84435
145.16762
175.38141
96.7459
199.50488
114.84715
139.00215
132.93623
132.91391
211.41843
157.02731
138.88545
199.23695
72.43764
187.09914
138.79218
205.1366
90.48625
156.8165
102.51666
138.67572
174.82265
102.46503
222.97472
78.32932
228.92419
204.79254
84.3122
174.61739
198.66919
90.28903
138.41995
102.29324
162.43848
126.31985
102.24178
180.39639
204.41496
204.38068
126.21396
162.24788
228.31058
180.21498
108.11086
156.13394
120.0829
210.10985
108.03838
96.01802
150.00302
143.97876
185.94141
101.95078
131.9142
155.87248
101.89954
161.81334
179.76248
77.88403
149.75188
149.72679
125.74944
101.78012
119.72127
125.68628
155.58553
143.59335
179.46164
107.65896
107.64093
113.60197
263.03418
125.51804
197.20961
185.2265
149.35121
197.11061
167.21738
161.21834
107.46092
131.31914
83.55274
119.34109
143.18535
274.39267
208.74211
125.22432
190.78609
154.98778
89.40107
137.05872
95.32925
178.71245
148.90215
172.6976
220.30148
202.40537
232.13205
53.55998
172.5533
154.67711
113.01437
231.93811
208.11479
166.46402
172.38036
160.46523
207.97572
130.70577
112.86339
184.11476
130.64026
77.18362
100.91557
189.927
112.75032
83.06531
29.66123
118.6251
142.32634
201.59532
171.92024
183.74612
142.23132
195.53542
130.33519
189.5468
142.13637
112.50584
153.92967
124.30707
183.47029
171.60486
141.99411
183.37846
171.51897
147.8365
130.07442
218.72504
130.03104
135.91885
165.43883
200.85651
183.10333
236.22296
159.4239
135.7829
165.27336
182.95071
200.62216
176.99005
194.6566
165.13564
135.62451
135.60191
141.47406
159.13179
153.21248
153.18695
164.94307
141.35622
170.77696
170.74851
135.39867
129.49019
105.92887
152.98288
111.77656
88.22995
129.38237
94.08061
117.58117
141.0739
182.19011
217.4165
117.50286
205.59578
187.94199
111.57198
205.4931
199.58864
176.07831
181.9173
228.82561
129.05963
99.7113
175.93182
164.17571
140.69862
134.81374
193.39623
169.92598
169.89771
193.29971
181.55437
169.81293
199.05791
99.5124
169.7282
146.29308
134.56725
245.69063
181.31293
134.50012
192.94635
163.68483
210.41695
175.3183
198.66104
151.89201
204.43602
157.68158
210.20715
105.08611
227.64873
157.57677
221.73785
210.03253
186.66457
204.13045
174.93988
169.08046
151.56419
192.33797
134.03146
180.62111
116.51038
145.6138
104.82452
128.09758
81.50311
192.08255
186.23094
168.74376
232.71137
238.48955
145.39632
157.00195
302.32391
98.82026
168.54776
174.33081
151.06162
180.08203
174.24402
150.98642
174.18619
208.98874
139.3027
92.85306
197.28001
179.84311
185.61371
173.98398
191.35063
139.14101
121.72819
110.11676
231.7863
191.19199
179.5748
214.29567
167.93362
185.27535
196.8224
196.78976
127.31345
144.65039
254.54247
219.79569
167.71101
138.77231
271.71741
179.18816
179.15846
173.35042
144.43474
132.85794
207.9171
173.23554
138.56548
202.04117
150.06285
150.03799
184.63155
207.67609
265.31995
276.80972
196.04108
213.30348
178.68413
155.60234
80.66933
132.50624
155.52506
103.6662
184.26495
115.14653
138.15295
138.13008
155.37062
258.90817
155.31918
166.79671
109.26251
172.4912
206.95519
155.1907
189.64613
178.12294
149.36871
206.784
149.31929
160.77879
183.71678
132.0246
252.52701
218.05544
183.59525
160.61928
154.85725
252.31822
223.60872
240.76956
206.33978
217.76709
143.24413
160.40689
206.20334
171.80771
206.13516
206.10109
206.06702
131.63216
148.77698
228.84982
125.8466
148.70322
217.29955
154.37154
177.2121
148.60495
285.73151
154.26952
205.65871
222.76013
114.21709
194.13698
199.81387
176.94876
199.74786
233.95171
193.97669
131.19785
165.39606
119.74978
165.34143
159.61363
199.4841
199.45116
216.51122
187.99185
205.04817
187.92979
193.59267
153.70998
182.14471
147.96816
227.60573
170.67613
108.07704
250.24236
221.76912
164.87804
159.16632
176.19077
193.20961
210.22282
221.54965
244.23239
210.11879
238.47388
175.9874
192.98659
181.60448
198.59714
181.54457
153.15297
249.54146
255.17076
215.442
187.06352
209.70329
187.00183
175.63942
215.26445
237.88463
152.90062
141.55132
175.49469
249.04819
243.34787
141.45801
226.2955
209.28883
231.87643
237.49281
192.22441
186.54001
271.28619
214.73286
225.99735
186.41708
101.6653
276.70993
237.14087
220.16597
270.92886
242.66713
107.20734
141.03906
169.21901
180.47054
265.02246
225.51389
174.74448
276.16354
281.75311
236.63365
185.89583
247.8203
281.56763
219.58658
180.14395
174.48572
191.33994
151.9214
241.90909
174.37087
185.59006
163.06744
224.88361
252.95242
185.46791
213.53397
252.82758
213.46372
263.97748
213.39348
174.05551
190.8682
224.51387
162.74577
145.886
235.62325
213.14787
207.50459
201.86314
207.43634
269.06235
229.7863
229.74851
201.69724
218.46941
184.82832
235.19739
151.17346
235.12006
235.08141
257.4278
268.57614
179.02133
223.73987
178.96248
246.03297
234.81105
139.74551
229.14497
234.69531
212.30849
223.44589
184.31256
106.10192
228.91916
228.88155
234.42551
234.38699
301.30521
178.5219
234.2715
161.73233
262.07486
284.3324
245.26608
206.21262
228.46834
245.14528
239.53445
189.36823
306.28067
272.82343
233.81026
211.50787
228.1684
194.74593
183.58745
200.24434
228.01862
227.98119
189.02654
339.08017
250.10007
188.93349
200.01439
261.08704
222.16527
238.78847
233.19698
227.60732
177.61559
210.88391
177.55731
255.19676
232.96751
271.75085
166.35077
205.13231
249.44431
216.14961
182.86583
260.40256
243.74114
193.8532
182.7459
249.15808
287.86877
260.14642
221.36491
177.0629
260.01849
259.97586
221.21977
309.65692
315.13483
304.02762
259.76285
259.72025
248.62756
237.53851
215.4066
270.5947
226.37888
347.79346
242.86356
231.78632
270.37305
165.5074
231.67239
325.39124
253.65329
226.04524
181.90904
209.43671
225.93417
203.85841
291.96558
247.85469
269.84201
269.79782
225.71222
231.17952
302.68552
181.58156
313.58954
242.02947
208.99123
203.45813
307.8862
263.85925
181.37354
302.23975
269.22406
280.16693
291.1062
296.5502
269.04782
247.04428
268.95975
241.47534
257.89734
345.63562
285.23987
235.83283
246.7614
285.09985
306.98035
268.56387
219.19994
257.51779
268.43207
186.2285
186.19804
213.54517
218.98485
251.79138
229.85887
311.9003
251.66785
273.50726
295.33954
278.88617
229.63339
300.66122
251.42099
218.5912
311.44153
147.50081
245.79448
212.98706
212.95224
322.10584
240.17525
245.59363
283.75067
354.63037
272.74799
267.24936
256.29932
278.06656
288.92389
234.37164
294.27908
228.84633
288.73508
288.6879
228.73415
288.59354
277.65784
277.61249
261.23966
228.54733
337.32428
315.50989
331.77515
277.34045
260.98367
298.99493
277.20456
369.54572
255.37958
190.14522
304.18268
276.97827
298.65326
260.60028
298.55573
298.50699
298.45822
292.98386
184.44121
265.76892
249.45662
271.10422
249.37517
265.5954
308.90747
341.36832
325.0596
314.173
308.70581
341.14548
297.77683
292.31497
276.03018
248.92778
286.76129
227.2077
232.57945
324.4765
313.60944
281.12122
275.67004
318.86038
275.58011
270.13248
286.29373
351.05765
307.80032
313.14926
313.09818
264.47083
275.22064
312.94498
307.49921
323.63059
377.50745
264.2121
339.64587
280.29691
280.25122
344.86832
274.77213
339.36905
350.08557
317.71817
269.2088
285.31479
247.59132
295.98486
322.83994
328.16708
311.97687
306.54797
263.48074
301.07175
333.27512
365.46796
295.5509
290.12997
284.71079
295.40643
365.17026
338.26437
273.78845
279.11136
338.09903
252.19151
364.81339
321.84171
300.33667
284.2009
321.68445
284.10831
214.38643
310.80969
316.11697
342.85068
374.93185
332.02841
337.32877
337.2738
305.10278
326.46036
288.95062
288.90356
353.04684
379.73099
262.02518
304.75519
261.93985
363.44919
347.35809
304.55673
288.48047
261.72669
347.13196
325.71695
347.01895
309.59726
288.19882
261.47116
336.1225
352.07101
384.01495
309.29504
410.54901
357.17282
378.43497
447.65302
346.3418
394.23264
335.5759
335.52127
292.86774
271.52408
228.89482
340.62524
335.24841
303.27066
414.93442
324.44721
281.85089
366.87827
361.50238
377.38962
345.44135
334.75794
403.76929
371.83228
276.17334
339.85037
313.2486
297.27237
403.37546
323.70923
408.55011
307.68903
365.98431
344.71176
312.84134
355.20276
376.34769
296.78937
339.13269
376.16415
344.31967
376.04187
370.68524
328.26785
386.44611
391.67621
386.3205
444.46091
328.00116
396.71112
359.62628
327.84128
364.79633
396.45331
332.96664
391.04013
369.84271
338.08698
343.31378
390.78604
332.64218
364.26318
369.48233
348.31247
401.02191
327.09631
453.64053
353.36023
374.39554
337.42847
342.64514
368.94251
442.65912
331.9404
405.63904
342.36697
400.24097
363.31766
357.99405
415.83731
394.71814
394.65405
389.32877
452.38971
436.53778
441.72553
362.78708
436.3252
399.46182
404.65219
430.85834
378.25324
357.18118
346.61957
351.81427
409.50833
435.68814
341.14618
377.82367
403.99582
435.40533
319.94476
372.33429
346.0574
377.4559
403.6026
450.7038
419.19132
345.7767
356.19699
366.61389
382.26386
345.55237
387.37463
376.8439
387.24893
366.25714
428.97449
434.13544
407.91653
413.07919
428.6962
449.53528
360.61514
475.51675
402.29507
454.46747
365.60419
428.20972
412.47659
381.08746
428.00143
433.1507
380.9021
370.40634
391.21088
406.79334
406.72736
474.43832
427.44653
359.62231
401.25259
442.86935
421.96002
375.01477
380.16168
437.3754
312.36035
374.77167
359.09796
437.09189
405.80524
436.9502
436.87936
442.00867
452.33554
431.46857
426.20108
441.7222
400.0835
348.06821
415.53647
488.17624
498.48218
430.90955
342.59546
456.71991
383.99771
399.50043
389.06076
440.86411
404.4921
445.90622
347.33579
461.31158
424.95981
383.4382
398.91837
357.4144
435.04269
398.72455
455.61139
429.65479
424.40945
455.39005
398.40176
460.41577
418.96222
429.23746
439.50934
403.24915
454.87408
470.30499
434.05737
428.82059
397.75711
418.35205
449.26834
444.03244
387.1749
366.46625
376.72824
438.58514
402.40122
422.96869
438.37219
443.4577
407.29639
422.69489
427.78046
453.47696
422.48969
458.48166
437.80487
478.93253
422.21625
396.4072
386.0484
427.15778
411.6517
468.17804
504.11017
447.45395
457.66617
411.31876
416.39288
467.72369
519.0379
462.4342
498.32068
426.32913
534.10913
446.73053
390.18424
477.38504
523.4989
405.38944
451.5
487.33594
538.54736
476.92194
446.0806
502.40033
507.44479
389.49057
425.2959
461.08966
522.48377
496.79147
517.19403
419.83221
455.59787
435.05121
470.8028
491.19305
439.95596
511.49399
455.15604
506.21533
439.67151
444.71207
480.4158
531.43793
495.58795
515.94116
444.35269
459.60089
541.22022
551.34277
479.79486
515.44092
525.56274
459.15533
397.8703
520.20783
413.03946
520.03973
453.6868
530.06519
443.34827
524.79877
524.71393
504.25522
437.96909
499.00043
493.82877
458.11758
488.5798
493.58942
468.07101
559.55969
493.35022
478.01471
483.02194
543.94733
462.53467
462.45996
584.33301
492.79257
502.87198
467.2399
467.16443
563.55298
492.39468
477.0889
507.45941
563.18897
558.02509
502.14145
547.70221
542.54321
542.45563
527.16144
511.87216
602.99951
435.71079
486.2963
521.67114
536.77875
450.61884
485.98227
566.88776
526.31079
551.52515
500.84561
541.23059
515.85614
500.60309
490.41071
424.617
545.84802
495.22656
545.67175
500.11838
535.39386
489.85678
530.17175
499.79553
570.38159
479.44696
479.3696
524.69885
469.12613
549.74725
539.57306
589.90521
534.35779
589.71484
514.02741
539.13782
569.27795
544.00085
589.23914
543.82532
513.52991
629.2243
478.13333
523.3457
558.48077
498.02411
548.24109
523.00806
553.09235
633.43988
557.94037
608.10712
572.83496
522.50195
587.71991
552.46802
527.27081
582.41473
527.10071
496.90048
531.94904
551.93353
521.7439
586.86725
571.72711
491.40546
506.36682
551.39966
586.39417
611.3551
546.12262
525.99658
581.00726
545.85846
535.75629
545.68243
495.53989
480.44605
570.43768
550.33356
535.23816
565.1604
530.065
529.97949
529.89404
564.79602
524.72583
644.5592
609.48486
619.37653
549.35834
629.16357
529.21106
618.97723
563.97705
538.93543
578.76325
598.62415
608.50311
603.41809
513.57062
573.31165
528.35864
608.01288
513.23962
582.90637
542.96198
597.65997
587.60425
622.36182
572.48059
657.00232
567.31964
597.08234
596.98615
616.78626
542.08765
626.53247
546.88464
601.4762
536.76825
641.03656
685.6496
536.50885
630.79303
581.03064
551.14539
570.91449
590.67725
466.51022
511.09372
570.54669
659.74335
639.7984
590.10651
679.2569
580.00189
589.82141
594.68207
569.81189
539.99554
594.39478
574.48908
579.34827
584.20581
569.26141
584.01764
603.71765
494.77081
524.37262
593.53375
563.7663
563.67548
578.41589
632.69495
602.94031
553.42981
607.68665
647.10681
567.97937
627.14581
498.67343
622.00726
621.9071
557.65228
601.97015
582.13971
656.03485
542.49786
606.51361
576.83466
547.16528
630.86383
586.4118
655.2959
586.22302
630.4577
610.65759
590.86383
605.5379
600.51819
664.40088
595.40418
585.46851
570.61694
560.68848
634.36115
658.84277
624.32507
584.90338
555.32306
599.45581
628.83606
574.70294
599.16644
608.89087
682.4372
603.78607
584.05676
642.84979
578.96234
578.8692
632.72974
642.4361
647.23602
666.74194
602.91223
622.41895
617.4187
641.81616
602.52429
631.81409
563.15448
670.78046
597.24121
646.09149
616.62445
592.06
587.07245
689.69916
577.10217
660.13782
645.36426
571.93536
708.69482
723.24109
557.00153
644.8454
620.31964
629.98706
600.58875
693.2511
639.44568
639.34283
702.67603
570.83246
634.15625
624.29962
590.06329
604.5957
643.49841
648.2691
745.63324
687.04169
696.67493
647.85217
662.35889
633.03534
676.75201
598.75623
627.86285
647.22742
608.19861
627.56006
559.36279
627.35828
617.53247
646.60327
646.49927
646.39533
690.02539
689.91449
563.50153
655.69373
621.59485
621.49493
684.50543
626.14899
727.96314
703.5846
635.55011
674.25391
654.74567
654.64038
639.98993
683.51575
659.17163
663.91174
760.71088
746.05505
605.46686
663.48499
668.22052
658.4303
764.81818
725.9765
672.63007
720.90485
682.08893
715.83643
633.51013
638.24353
686.48499
729.87726
681.43146
739.30682
603.9118
700.42511
690.65308
753.3186
622.83643
714.45721
680.55597
762.48627
607.96094
646.45776
728.354
636.60449
737.76392
665.32721
617.01593
766.32636
626.45551
693.80841
741.87036
698.4021
722.36884
712.62274
717.32251
688.32642
741.15552
697.72913
707.23938
673.45306
721.44098
692.47205
649.08826
639.36945
687.33191
706.44446
648.67133
739.84692
667.67664
691.5827
715.48102
734.57056
681.6488
710.33673
681.42987
676.5224
777.15619
757.8454
791.2937
738.42218
781.45123
752.56525
785.99286
747.53168
752.20276
675.43665
761.54028
737.474
804.38794
694.15186
741.90527
760.92902
698.60248
751.11627
679.24451
717.39655
645.55322
760.19617
683.58862
750.39288
640.35992
754.92999
678.37244
764.2406
754.56641
735.34534
611.09802
763.74988
758.85455
730.10132
720.44183
744.17804
701.13208
734.40143
796.26849
672.19061
714.98157
738.69568
733.81207
724.16577
766.9209
733.45874
738.10297
752.26807
785.47028
747.26691
851.84265
661.38062
808.75287
813.3797
708.62061
737.03729
708.39313
755.81494
632.12109
722.30817
764.95361
783.83283
726.71014
693.35065
797.70007
797.57208
631.30988
754.60272
763.97192
830.271
744.75214
720.91821
758.7395
673.27325
772.71777
739.41492
729.81812
758.13086
762.74677
648.94122
715.1416
767.11493
781.19537
875.74518
648.42072
719.30023
700.25891
785.2995
766.25366
818.15192
713.99487
728.06335
746.85425
798.72229
836.3974
741.77014
774.71838
793.48663
802.80408
788.51044
821.42993
811.85797
750.37616
905.96924
830.33856
797.18585
830.07214
796.93005
815.66144
777.81818
777.69342
805.84387
782.1557
739.63098
748.93286
861.84106
753.40137
781.5285
833.18286
828.34271
757.62378
799.84711
809.12726
766.6662
743.0296
752.31433
850.91913
780.27576
827.14764
859.90759
789.29675
789.17017
798.43695
821.78857
807.57117
727.63641
854.2489
835.34021
783.59235
755.31818
727.05304
825.42462
764.33313
773.58734
754.71271
848.32971
759.1568
834.00147
763.59796
772.84326
763.35303
744.50104
753.74493
819.15656
809.66492
786.13812
795.36932
785.88599
832.53143
869.80902
748.10284
794.73181
841.34583
859.90448
780.3316
742.83136
794.09485
845.34186
863.88489
789.04401
779.58118
779.45618
802.66449
802.53577
807.07227
862.91577
778.83148
829.99866
839.18988
811.08685
806.29614
885.38556
866.60687
759.3241
768.5177
833.59161
782.23987
805.39166
819.22662
860.98084
795.69794
828.13757
832.65656
776.71143
832.38959
860.15295
799.5816
822.69336
864.3866
850.30853
808.36047
798.94092
887.05377
849.76343
877.48383
775.21857
756.52918
942.02948
881.5611
821.11212
811.70392
876.4997
727.9809
964.3042
903.89026
866.66864
866.52972
810.79358
995.95813
764.21747
940.06836
916.76697
805.51459
819.27142
846.90753
874.53485
818.87756
851.1261
850.98969
846.22907
892.32806
744.258
790.35846
813.33801
868.65363
877.75391
946.8985
882.09088
895.80212
900.27533
812.42596
779.98853
872.15509
881.24298
858.03626
890.18524
774.75214
866.84558
871.31677
931.09937
820.34222
838.64246
898.40149
842.98016
842.84503
847.31494
884.01306
925.30286
837.70215
832.96588
920.25684
851.10114
965.96002
906.01727
873.68372
864.34851
859.61316
845.68701
937.45929
863.79468
845.28058
927.82239
904.71149
872.42456
987.05908
881.32544
904.13178
858.09924
857.96173
784.42755
912.72553
793.34784
898.6778
843.52155
870.88812
811.17102
879.77338
911.70233
884.07214
934.30994
801.36298
860.75482
860.61694
874.21008
855.76489
851.05225
905.81366
873.64996
969.55035
887.08789
905.23334
918.80176
927.79541
900.22864
822.41217
890.80377
986.57837
885.9516
954.30011
935.88599
903.78412
908.20313
912.62073
844.03894
889.52014
871.13403
916.59625
902.77106
866.15668
916.15582
920.56628
943.20148
861.04602
911.01386
965.51996
883.40033
1001.63367
878.56513
896.63013
837.32745
932.74255
955.33929
859.66766
941.38995
977.61554
931.99573
922.75525
936.242
863.38586
858.70416
972.13361
953.81012
926.40997
885.3971
853.47687
939.58197
889.51001
930.20581
848.39331
907.22717
902.54645
938.67932
915.85919
938.37866
924.6308
960.73694
915.27252
856.23169
924.03857
892.18842
878.46106
923.5946
878.17969
905.19489
868.8479
981.82184
981.66461
936.27661
949.69367
935.97669
895.13867
885.95496
944.56592
994.12067
858.42127
957.664
971.0603
939.29395
948.17371
961.565
1029.11597
961.25702
938.54199
969.97217
956.28449
974.17151
983.03418
1023.45422
897.06946
901.43292
1004.93677
1067.85596
891.98993
968.4198
968.26471
945.59546
949.94611
949.79395
963.14386
886.49042
958.33618
953.6842
917.54913
872.43146
894.7735
939.58649
988.88001
925.80304
993.05676
965.94122
956.80249
826.40125
911.59015
1077.56946
830.49341
978.47876
933.44489
848.04248
973.52246
973.36658
986.66522
973.05481
945.9986
909.9856
882.94806
891.76917
940.91223
913.88263
980.92279
1088.24683
989.56397
967.02075
917.62732
948.80902
908.38385
935.08289
912.56635
1015.29108
979.35303
938.95526
934.33441
983.35242
880.40637
853.45526
991.81537
893.38428
964.7005
1013.66644
950.99725
959.77307
1026.56958
1039.79309
954.85016
990.38684
950.08386
1052.50647
980.99304
949.6275
1016.33991
882.46967
1020.47064
922.2865
931.04834
953.16956
1019.8172
939.50641
1001.68292
912.49829
961.30768
970.05328
880.9165
983.08771
974.03503
956.09131
982.61554
897.99347
1013.41449
1079.91357
857.57178
906.30377
959.4621
985.95587
954.71429
945.68176
1047.62988
940.94055
1002.91754
1007.19391
980.41504
993.5647
984.53589
975.51001
926.58606
1063.85193
930.72138
957.16016
1005.74335
983.43286
996.56293
925.54797
938.68304
942.95978
925.10346
991.33966
964.63147
977.74963
1004.13403
955.32257
994.96832
972.70215
1096.32507
937.03101
1104.8125
963.24219
963.08795
1060.1106
918.61536
971.45679
935.9812
1050.60315
856.23682
860.51263
1036.86194
1001.40418
1049.76221
1001.0835
1009.74188
916.99866
1084.35352
1013.66419
1070.78674
1061.80359
960.31592
999.80182
929.18243
981.86969
955.29865
963.94891
1003.40253
1007.64203
972.28485
1002.92059
936.78894
1042.17578
967.26563
1063.82178
988.93213
979.98468
1006.19086
935.73944
953.15936
1023.27454
944.07208
965.87256
983.27643
908.50726
1088.27881
1013.51679
912.4577
1057.05335
1039.34241
1039.17603
1030.24158
1003.77679
964.17267
1025.36487
981.38873
1025.0365
1103.70874
994.05463
989.51709
1002.4917
1037.34705
1006.54694
940.75195
988.7251
992.94092
975.28796
1106.31543
974.97571
1005.41925
996.51691
1013.83728
1009.30566
1044.09277
969.67145
1118.00061
982.46039
1008.4978
1043.25708
1060.54761
1047.28662
1099.47498
990.24146
1024.97571
1016.08972
1011.56683
1050.64038
1046.11328
989.29041
1041.4209
1036.89746
997.52728
971.23566
1145.26489
1005.75598
1031.71423
974.96619
944.34729
944.19605
1052.80579
987.39105
1082.91199
991.42322
1065.17456
1017.18744
1064.83337
1086.39075
968.90533
1059.97778
1033.74719
1090.03772
981.3111
1015.88507
1046.1073
1028.57971
1067.46875
1015.2345
963.01697
1158.0376
1010.41034
1062.27844
1044.76782
1048.93494
983.76074
1026.93372
1052.76343
1000.61487
1078.41211
1030.60632
987.14545
1064.90747
978.17291
1012.63635
973.53284
951.74634
1064.05505
1007.66309
1055.06616
1059.22058
1011.50171
1024.30554
993.89264
963.48944
1028.13342
1040.92639
1075.30774
1083.77112
1036.10925
958.24756
983.98853
1018.35132
975.04468
983.51581
1048.05298
974.57629
1073.58679
1082.03674
1060.31238
1025.66638
1021.19324
1008.10529
1115.63013
1046.54321
990.39673
1028.98657
998.6889
1007.13696
1032.79553
1049.84058
993.74731
980.68439
1070.83911
976.07044
1018.90588
1061.72766
1022.87738
1065.68469
1086.99609
1000.90723
962.09149
1090.76831
983.25171
1064.66101
897.09076
1081.48645
944.0036
1132.6228
999.46539
1046.48279
977.70435
998.98517
998.8252
977.23462
989.93439
1075.4707
1101.00281
1083.69299
1104.93274
1044.80786
1125.98547
1151.48889
988.66663
1014.18378
1048.24988
971.08002
1017.97369
1043.46973
1013.37177
1043.1355
970.30255
1106.90796
1025.54187
1051.01209
1123.46301
1007.96503
1097.48096
1058.87817
1050.17053
1062.80725
1054.10181
1053.93286
989.77033
998.14288
997.98303
976.50214
997.66333
976.18933
941.93573
1005.70685
1099.28308
1047.98572
1060.59607
979.51013
1060.25635
1013.25531
987.55286
1025.69873
1097.875
1101.95386
1012.44397
1050.5614
1016.37225
1037.46899
973.53418
947.87488
998.72156
981.56476
1155.59668
1036.47217
989.5874
993.67535
972.28717
1035.80811
1039.8866
950.60114
912.26117
954.53894
1060.42896
1081.46423
992.24347
941.20837
1051.27148
979.05164
1038.2218
999.92273
1008.23511
1063.13635
944.38818
982.34509
1054.15833
1024.35925
1125.76819
1066.34631
1006.94348
989.86145
1129.27637
1044.51892
972.47315
1006.13702
1044.01697
1018.49298
1098.61304
1073.0885
1060.24426
1038.9574
1047.23633
1097.73315
1017.35114
996.0846
1004.36505
987.32672
1067.32324
1024.97229
1117.58899
1033.07715
1016.04767
1028.53076
1011.50745
905.99689
1082.80884
1078.42273
1036.13074
943.31744
943.16626
1111.41065
993.37457
1014.25806
1115.08435
1072.83374
1030.59656
988.37299
996.62494
1063.73718
1101.401
1054.98987
1012.79614
983.22119
1012.4715
1020.71014
1083.54321
1007.78571
1041.21167
1011.66046
956.93616
923.21143
965.02094
935.50073
901.79565
1056.81897
1102.77319
1014.5564
1010.20209
1026.80432
993.11682
997.14734
1059.82288
904.68396
971.54187
916.95502
1059.14356
1033.85974
1016.95404
937.28888
991.52612
966.26929
949.38513
1053.77405
1107.95776
999.09235
940.4173
1032.20374
1036.21655
998.45184
1019.17658
1023.18945
1068.95728
1047.91113
951.7348
951.58221
1093.30957
1080.61755
1105.47388
1005.19428
975.84131
1054.9071
963.02167
1037.89587
1016.8916
995.89398
962.4043
991.40912
1007.90979
1045.22644
1057.54968
965.79596
973.96564
1044.55627
1040.22791
1015.09967
1006.6178
977.34399
931.44666
1010.29126
1026.75696
951.77991
968.24963
1026.26318
1009.48157
971.9375
1050.68701
1038.06177
979.77325
1008.67255
1033.41235
1083.04163
954.25147
970.69147
953.94544
1065.7594
995.10211
949.34106
1011.36273
994.62354
977.88959
1006.73334
1101.84412
1014.69373
1047.65857
1022.64887
1026.62451
1043.01563
885.59345
922.69006
1013.55518
1104.39124
1079.40027
992.39282
1087.32275
996.20813
1033.24524
991.75635
987.46564
1012.0932
978.88825
1032.41687
999.2193
974.289
957.62201
994.61157
977.94659
899.40155
1006.50818
1055.83923
1035.05127
1001.90088
985.25061
1046.91846
894.27112
951.81335
996.97784
1021.53247
971.94751
1066.50012
951.05023
1008.52783
987.78717
983.51361
1012.15704
1007.88086
962.47467
999.33258
958.05408
966.12268
949.5257
974.03241
908.12927
895.65802
957.13226
1092.51648
882.90735
903.29517
989.36005
935.84192
1054.7052
939.6449
935.39154
976.26086
951.49652
975.94757
959.39117
922.34351
1057.45081
926.14551
983.35956
950.42841
978.948
933.742
941.78156
974.38281
994.69342
1002.7193
969.82178
998.30609
940.87524
961.17481
993.73615
919.97839
1005.68164
907.42072
989.0116
972.50824
1037.72034
972.19611
1025.13477
955.54993
971.72815
963.40772
934.68207
1052.87891
1044.54944
962.78943
938.16113
844.20953
986.79187
872.47754
941.63538
965.93835
1035.05896
965.62836
945.10474
883.85693
961.091
936.50617
928.21362
972.83966
972.68353
944.04334
984.57678
947.80817
988.32794
1012.56854
983.94476
995.98254
947.04767
963.15137
975.18658
962.84216
1019.55524
990.96234
933.95386
913.50385
974.24768
921.328
921.18012
1002.18042
965.50873
957.24146
961.14325
908.27649
920.29309
960.68042
911.89191
968.47638
1012.88794
943.85999
854.60291
967.85449
931.25855
902.77094
967.38837
1003.65607
963.03143
950.73969
881.82117
970.65637
901.75671
929.91364
869.1275
901.32239
885.01306
925.276
856.44983
977.48853
965.21588
944.87134
964.90595
867.87219
956.52411
928.12323
932.00885
871.34888
963.9765
907.36353
1008.01978
939.32355
798.09528
926.93146
842.16327
906.4895
954.68225
950.50134
902.02588
913.95978
873.55689
905.61627
889.37354
905.32532
897.13391
973.41492
888.80225
973.10223
896.55756
868.27502
960.57593
803.70007
960.26733
911.90656
835.44531
867.43848
963.66565
975.55475
907.16028
907.01459
910.88153
982.95209
890.53186
914.45337
870.19513
938.21637
825.81842
881.80035
849.59833
917.57904
825.28784
873.22253
889.10205
904.9765
900.82739
892.67658
928.55463
844.36877
924.25519
884.10205
843.96179
831.82861
931.65826
915.51703
947.34784
899.23633
927.0636
898.94733
834.888
906.64648
870.56024
894.37683
874.27258
934.00409
850.04657
961.63519
861.742
921.43707
937.242
873.28943
849.22717
884.96771
836.99707
856.78784
852.66571
932.20422
832.47589
872.16711
800.35346
828.09332
871.74658
975.08484
895.3421
859.39026
962.6806
823.31757
839.09216
862.81384
886.52789
866.51129
890.21704
909.94165
917.74115
846.09283
845.95679
885.5307
821.86267
829.66998
932.73248
888.92975
900.69019
860.87378
848.83575
773.34747
848.56281
824.63873
880.00171
931.38355
812.35291
851.84283
816.05304
839.68652
847.4718
882.97113
823.44598
843.1048
862.7572
830.96271
953.47528
874.20807
846.38208
818.565
830.29474
877.59894
845.83771
837.79791
873.2243
734.81268
770.2442
837.25903
825.27826
833.04163
884.22418
923.54993
899.72443
840.39679
879.71051
879.56897
780.83698
824.08423
847.60577
788.34363
807.92224
823.55408
780.08356
874.49847
846.7879
838.77588
811.07996
854.25256
897.41126
865.78388
881.38355
826.16412
849.63208
818.03259
928.00299
849.22199
766.5354
872.53064
852.74182
797.59784
773.89899
844.47461
789.35852
804.93762
765.54913
812.52911
898.74017
855.43158
819.98358
784.547
764.81024
803.90186
780.24744
819.32398
807.43335
807.30341
771.90857
834.46735
806.91364
818.53302
830.14868
786.94824
829.88147
864.97302
841.35413
739.48993
813.69916
821.39093
789.97266
797.66577
820.99432
844.31537
801.18884
801.05981
804.83783
839.86542
812.39014
823.97461
796.51074
788.57483
776.73822
827.34668
807.70374
745.15253
830.84778
811.21368
760.39038
783.66083
830.31281
771.71576
791.07611
876.66736
767.44733
833.53949
806.14435
735.92633
739.70099
790.18481
782.27374
848.29956
735.33392
793.56592
766.21228
777.75519
762.07733
769.72968
777.37946
839.43457
812.09985
780.88892
788.53192
780.63739
764.97907
795.91596
819.0791
834.47223
760.60559
760.48309
675.01398
857.20721
717.45606
787.13574
775.3783
763.62457
713.11816
755.62848
778.75311
794.12268
774.62903
747.39661
758.89185
774.25464
774.12988
762.39508
731.31702
707.98651
792.97186
773.50641
696.04358
765.52454
676.49097
738.2226
718.78149
819.12433
703.09717
830.448
753.07562
729.78644
737.3902
760.4317
744.87134
791.05707
709.90753
736.79614
798.38855
767.40924
682.46002
747.88641
724.6391
751.49921
743.67163
701.17316
766.54376
647.02808
762.44586
727.67194
723.70508
754.37946
688.83746
784.9173
769.40271
765.43225
742.23419
676.74695
722.77222
688.06043
772.50195
741.63599
722.30615
691.45819
729.75488
695.07544
664.24677
671.81757
721.60761
683.11401
732.88617
740.44098
717.3064
721.02594
816.77527
801.30756
743.67749
689.89874
693.61963
781.63306
747.02875
708.60523
670.19415
712.20575
681.46332
715.80383
669.76184
707.91974
700.15356
692.38989
684.62872
761.00079
661.4668
703.41193
676.54254
710.82831
695.42944
714.41937
699.0249
672.17773
683.52502
702.50452
717.66058
702.27789
690.71619
709.68225
656.15942
694.19617
655.94769
716.85034
709.10986
628.94757
750.80408
678.28204
643.88294
632.35101
674.14496
765.43091
769.11487
700.4668
658.48474
669.79547
654.46716
684.797
741.74365
646.54395
673.05768
688.15692
695.64856
676.53253
782.82703
604.12329
649.61261
664.70093
672.18897
656.89221
645.39679
766.75946
709.70728
645.08429
679.1261
701.77679
659.94299
682.58942
709.02002
697.53272
708.79108
697.3075
636.56928
659.19739
643.93945
632.47363
639.94482
639.84149
696.51965
669.91345
722.78418
665.91345
680.93787
699.73981
593.73731
657.92108
684.27863
657.70856
665.16095
653.71741
687.61475
593.06635
645.84692
668.40021
638.08698
698.38471
671.85077
717.02826
656.54083
630.02649
595.97669
629.82294
637.26276
637.15979
614.43945
670.87457
648.15607
678.1933
617.80957
640.3089
643.97138
636.33667
700.2337
654.95148
677.42658
711.18292
579.38873
673.33655
624.33411
643.0354
654.211
646.58679
650.24091
620.07172
687.6048
683.73688
585.96545
612.15979
574.51111
589.43573
664.41565
600.50464
641.68561
645.3338
611.46747
603.86719
663.77148
618.66998
581.08093
663.44965
603.37921
640.75256
576.95874
610.57837
625.46075
606.63629
636.49072
632.64435
636.28491
624.95526
677.23718
617.27112
617.17127
620.81128
616.97168
669.21259
594.34406
687.68317
676.36157
541.74896
605.1665
634.94855
582.56445
642.21075
559.97693
638.27045
679.21887
701.49725
578.26856
578.17499
581.81104
600.36169
603.99292
667.26691
611.25183
562.70789
525.35742
584.87781
622.03058
566.06793
573.4234
610.55994
573.23792
625.24927
613.98474
591.56226
613.78601
591.37085
624.74353
606.05188
587.36627
579.8374
587.17621
594.51257
586.98621
601.74921
627.64911
605.2677
560.61737
601.35974
578.99341
564.05615
664.14276
623.22864
630.54596
619.31842
515.39716
537.5575
589.3642
592.97485
574.35138
552.02905
629.72986
614.81311
577.68268
522.0517
566.38995
569.99951
558.80518
518.01361
566.02319
536.34033
628.711
502.88736
528.68567
547.08258
617.21619
576.46783
587.45862
506.09308
620.50995
579.78742
590.77051
564.83276
564.74127
608.9361
509.20953
557.08826
601.26282
641.73486
564.19269
556.72742
505.0285
541.80414
523.29065
501.09857
593.11615
526.71973
570.82745
541.27771
563.27942
530.05939
537.33429
540.927
588.6687
581.21613
529.63013
492.77042
577.25684
551.42993
540.31378
540.2262
518.09216
525.35584
514.25104
617.00128
543.46063
558.05829
587.3346
436.75931
524.76013
550.35846
535.59546
568.51941
506.08365
484.00153
531.58215
527.83051
502.0907
560.63812
564.21094
553.13013
498.10266
556.61273
567.50647
494.19971
512.42029
505.01813
468.34665
504.85437
519.40356
522.97656
537.51807
584.95886
508.10059
548.22107
486.01053
526.12152
518.73016
485.77411
503.95456
544.03662
522.04443
492.75919
485.38031
518.14154
492.51947
569.04126
510.59525
521.45197
528.65924
495.76547
466.5271
506.53708
546.53406
484.51495
495.36346
513.49207
491.56155
564.29395
516.88214
502.2406
454.85428
476.60992
494.72086
509.18884
498.19681
454.48535
476.22336
476.14609
490.60529
574.09668
479.54724
483.10178
483.02338
519.25659
471.97485
504.56815
457.30408
446.34341
413.617
493.35773
518.66693
467.81241
485.86578
547.41663
442.21182
474.7569
518.16193
499.96323
387.58972
488.93567
452.64471
539.46491
568.33716
481.37943
477.68243
473.98666
488.38022
499.15204
524.38617
484.52646
477.21722
484.36911
451.76349
513.12
476.90729
473.2175
444.24655
512.78668
436.88107
509.01013
501.70862
400.57996
476.28796
422.09576
429.24133
439.99106
396.6488
421.82153
461.405
479.35077
504.49777
493.6069
421.479
432.21591
464.55661
540.09436
410.405
500.3248
464.25476
431.79471
507.27634
528.77661
532.28723
413.53433
474.58838
478.10602
492.40512
452.79532
441.94266
445.46326
420.24783
423.77081
380.61359
391.32205
394.84796
462.97372
495.1937
434.12097
520.14307
387.35391
476.94162
469.69321
397.91962
433.69769
422.8761
429.97357
458.5639
454.90738
429.76386
386.72458
386.66168
519.04468
504.64414
440.1499
411.45535
422.1203
432.78177
439.86365
439.79211
418.27078
393.18207
425.28235
425.21317
417.99872
442.93512
389.29092
396.36939
460.57059
421.22858
414.02176
481.75726
371.07114
485.16794
417.31921
378.02255
399.35507
399.2901
474.07983
427.6716
473.92557
427.53244
434.58725
434.51654
373.9083
455.73782
412.94519
402.2001
391.4585
387.83667
437.57932
426.83716
412.54211
394.69586
419.51828
412.3407
444.26032
387.33191
429.90396
387.20584
358.72864
379.97739
379.91553
454.40439
411.73694
401.02325
443.53757
379.60635
393.73312
393.66901
411.33484
372.26834
358.02835
357.97006
382.71753
411.00003
393.22046
417.95007
378.92691
421.35474
442.52744
378.74179
375.14102
378.61841
417.47379
371.42041
328.91876
424.34216
417.20184
431.27399
406.46252
388.72693
378.06366
399.19846
349.68326
434.38416
328.3833
356.57321
420.05246
374.10339
409.32947
409.26276
395.08585
405.60242
320.90265
334.95364
377.20212
380.66531
429.94074
412.25299
352.29556
408.59625
359.22434
330.99591
376.71054
344.96835
411.78284
358.93164
327.20786
408.06369
358.75613
348.14771
400.832
326.94122
400.70129
400.63596
383.00177
407.53174
432.05371
351.2059
414.35538
368.64594
354.54443
382.56479
347.41043
371.91412
392.90179
406.86762
340.17001
448.81094
417.18585
361.03473
360.97583
445.01413
357.35461
406.33698
357.23804
273.13745
308.1048
388.56879
385.00534
391.9415
377.8819
388.31525
363.76755
328.73624
395.11844
325.1329
360.0347
391.43015
331.96246
380.82108
317.88132
366.72626
314.28549
380.57254
359.56488
338.56409
338.50882
341.94278
348.86426
334.85501
348.75037
348.69342
331.20468
366.00858
365.94882
372.8584
330.98843
341.38495
369.19284
334.30872
365.59045
344.64328
368.95175
379.33185
368.83127
354.85513
358.2756
340.82791
351.20404
378.9603
305.89963
378.83652
361.39966
406.50821
357.80774
378.58905
392.41812
336.79947
329.80127
347.10251
360.92764
364.33856
378.15634
423.18842
319.07355
315.55377
381.37631
360.51505
336.19467
329.20902
318.76086
290.99497
342.90228
356.69864
328.94013
315.03851
377.29215
290.70975
346.02646
363.2684
332.07681
335.48111
321.59424
376.86069
331.85974
383.65009
324.83975
366.24878
355.82507
338.49664
341.89481
321.1214
393.5683
283.04669
400.34207
341.61539
320.85895
344.95319
365.59058
306.90793
386.15808
327.49121
306.75739
348.06101
348.00406
306.6069
306.55676
354.72113
299.56979
333.94849
282.26077
378.58057
313.13815
316.52744
357.7551
326.74207
357.63803
302.56729
323.14401
343.71396
353.96747
322.98541
326.36801
267.92145
326.2612
357.11173
298.68878
319.23578
291.72687
325.99432
319.07904
271.00128
294.96576
305.20532
336.01376
308.53354
325.621
277.58929
363.20554
267.2207
291.15436
284.25714
356.11929
304.70606
335.46408
304.60626
280.60251
297.6637
301.0358
342.03012
307.7767
253.01939
358.95523
300.7894
324.66266
362.19583
266.47781
269.84998
297.1279
334.64096
317.51544
290.15472
296.93326
324.18436
310.48361
293.37601
330.84662
283.04919
344.37692
340.91138
282.9101
289.67972
320.29923
323.6536
306.56897
357.60519
330.30493
275.77646
262.1149
299.51077
248.4171
319.82712
323.17654
319.72229
278.86096
292.41599
302.56696
322.91177
299.06924
305.81613
298.97119
309.11273
281.89175
278.4498
332.72693
288.54236
322.43564
325.77628
346.08054
234.07492
329.00787
332.34522
325.50925
284.7739
362.6882
298.23669
284.63379
338.79419
294.70261
294.65427
304.76477
335.18625
335.13126
284.30716
280.87647
365.41785
334.91141
314.56213
338.18335
317.84021
344.83383
290.69455
304.16531
256.80856
337.85056
307.39356
287.07874
297.16214
310.61853
290.31317
270.01444
290.21787
327.28503
296.86966
269.83722
266.4205
296.72348
293.30347
293.25534
293.20718
293.15906
276.26547
320.01111
306.48663
306.43631
272.71722
356.8306
333.21158
245.66113
282.63214
269.12927
235.44943
258.95184
309.34619
265.59061
252.10158
262.14258
265.45978
285.57437
231.78111
272.04617
282.07562
271.95682
241.69968
285.29303
315.44867
261.71228
275.08823
271.68884
311.88779
305.1304
238.02965
248.04648
261.41144
314.98251
244.57388
314.879
267.93808
247.802
328.1163
241.02541
277.80307
271.06445
271.0199
264.28461
294.34457
304.32904
304.27899
270.79721
284.1232
304.12897
294.05438
253.91431
293.9577
300.58911
243.77109
300.49027
263.72031
290.37842
280.31928
290.28293
293.57123
296.85843
280.13492
286.75763
270.04123
256.66364
313.27811
276.57242
319.83835
283.14362
279.76651
289.71048
279.67447
282.95737
306.20935
282.86426
269.50864
282.77118
262.76761
269.37564
289.28177
255.98886
289.18658
255.90462
269.15405
232.564
282.35266
265.69995
295.54254
285.53342
285.48642
268.84412
272.11838
242.21185
295.25076
298.51904
281.88825
285.15762
228.75159
241.9727
311.52997
265.08826
255.10542
304.7511
314.63681
258.29083
258.24832
251.58511
268.09262
271.3577
224.99127
297.73352
261.30084
238.10837
284.36035
261.17172
261.12869
224.73198
254.43401
310.55658
277.47293
267.5191
287.28799
234.41478
280.59119
306.94916
244.19888
270.55417
280.40628
234.18312
257.22919
240.70047
263.73785
293.36002
227.39893
296.55841
247.09128
279.99063
289.82486
223.91866
233.75888
279.80606
283.05121
279.71381
273.08728
226.98692
299.31021
230.20067
249.89095
253.13724
256.38245
272.77222
282.58487
259.54096
249.6438
259.45535
239.71034
216.68868
239.63129
252.72008
265.80454
321.53763
226.3514
272.23285
252.5117
301.65253
262.26328
245.83124
265.45395
281.79349
199.8438
275.14932
265.27878
268.50952
225.90366
238.96007
219.28333
232.33652
265.01624
225.7173
281.28238
268.15521
258.302
268.06668
271.29102
277.78229
238.52658
254.82195
267.84552
258.00369
248.16509
264.44806
251.3474
225.1962
228.42218
270.79874
244.65724
293.54019
238.0544
238.01509
280.35504
224.89887
303.07449
270.44116
260.62311
283.38083
201.9162
205.13902
260.45096
224.60184
260.36493
247.3058
247.26495
266.74179
250.43565
247.14241
240.59889
266.56552
250.27017
220.98129
237.19072
211.16231
217.62364
253.31102
191.57539
243.48778
236.9556
288.84332
220.6528
230.34941
197.87311
223.78668
278.87643
230.19713
269.05917
256.05014
249.5266
178.20381
265.64175
255.88083
252.60005
229.89279
236.32956
249.2379
258.90564
229.74075
252.34952
252.30777
223.15842
223.12151
213.38527
252.14088
248.86713
252.05747
255.24674
235.82188
239.01277
261.5788
222.78952
255.03566
254.99345
235.58788
216.18871
261.31921
222.56842
222.53159
235.39301
241.80211
254.65607
225.60727
228.79236
215.86691
254.4875
206.13297
247.96266
212.50424
273.6344
263.93301
263.88931
260.62799
228.41388
186.56072
247.63443
254.02441
234.69255
192.86604
231.40093
228.14925
240.9628
250.55981
253.73009
211.94193
256.85675
234.34296
192.57875
282.40204
247.06085
250.22797
250.18652
234.11012
230.86488
253.26811
208.35063
262.79877
240.32491
259.5079
230.63545
243.40819
230.55902
214.51242
265.69522
233.64502
233.60629
268.7627
230.32983
217.49768
201.4718
223.82044
220.58643
246.12087
249.27591
236.45331
242.80368
236.37491
217.17336
258.6489
271.37668
245.79459
229.79578
226.56659
207.38573
258.39166
248.78032
242.36113
251.88623
216.77751
254.99005
245.38722
238.97388
191.14739
222.96829
273.88702
203.78908
219.67365
226.00349
210.0529
229.1106
241.79883
213.1294
213.09403
251.21841
232.10001
190.73547
286.05573
209.73938
266.89673
247.79153
266.80814
222.30319
250.84338
244.45233
231.71504
263.41309
193.56061
234.77225
215.70084
231.52274
237.82634
221.93439
237.74736
225.03012
180.62798
253.47086
243.92519
221.71333
190.00844
259.63507
199.44258
243.72267
208.87044
243.64171
205.63741
192.95073
215.05689
237.15569
202.33923
268.68713
252.84
246.47803
259.07486
233.76042
249.51357
221.05124
243.11595
274.6438
227.25363
220.90431
224.02284
242.91397
233.41098
214.45012
245.946
233.2946
204.88686
236.36862
214.27191
242.5911
233.10072
226.763
204.68256
248.72665
280.16443
270.67569
210.84016
229.68317
276.83231
232.75208
270.45065
276.69418
238.9234
257.74289
201.13173
213.6669
226.19791
213.59583
244.9662
295.16657
229.18697
266.81714
204.00267
222.79662
185.11003
232.13327
247.7767
232.05602
235.15276
169.28182
219.40286
197.4297
272.59564
203.6295
206.72784
219.22031
250.49579
216.01665
278.58377
269.1485
234.68344
253.41591
215.83687
281.47946
278.30557
203.22302
240.70104
218.78268
228.12108
221.83423
237.41681
199.89665
256.07492
262.27695
237.25867
212.2487
234.05884
240.26038
252.69933
218.34575
246.37772
224.50935
224.47195
258.72315
249.33017
224.35976
236.78471
246.09045
236.7058
255.35053
252.19446
249.03943
273.89771
227.17273
230.24629
208.43149
283.04633
233.24104
223.87407
267.36054
236.23271
233.08553
239.26123
264.0755
232.96893
173.92113
285.67993
279.42288
207.98012
257.60403
214.11704
245.10761
251.27094
195.40035
204.67099
195.33516
223.20294
192.17047
244.82152
241.68219
263.32767
238.50409
238.46428
222.94238
207.42566
238.34493
210.45129
263.02023
228.94409
259.83911
225.77487
219.5526
238.06659
238.02686
271.98529
188.50378
200.83115
206.97601
203.85277
203.81874
209.95999
213.01207
231.4962
293.17954
215.99097
222.12503
228.25705
225.13489
249.76547
243.55774
194.19714
215.73857
209.5396
231.07124
187.90656
203.27477
234.03487
255.548
206.25127
209.29468
258.49728
273.83826
255.33458
218.38223
236.79749
245.98225
267.461
242.82629
227.41953
251.96329
208.91025
236.52058
230.33868
254.86552
233.33183
227.15353
254.73772
260.83237
196.3586
239.27202
233.09786
217.72606
226.8878
245.24309
211.48679
205.3224
269.63208
232.82512
229.72321
235.80971
199.02684
226.54649
202.02118
260.13528
235.61253
229.45433
250.82809
250.78613
217.10776
238.47284
272.05808
220.0551
195.57181
247.47914
207.72549
204.63646
216.81726
244.26025
283.905
216.70841
207.51697
256.30158
210.4982
265.36633
207.37804
201.245
216.45458
222.51462
213.33446
216.34586
268.10208
222.36562
231.46516
216.20097
216.16476
213.0845
258.70212
209.97008
243.40279
222.06784
234.1967
234.15747
206.75377
255.35893
221.88188
203.6109
206.61525
233.92218
227.80809
249.02844
233.8046
191.26262
258.00949
224.58238
236.68228
224.5071
251.76981
251.7276
236.52364
239.51584
236.44434
215.18889
239.39539
206.0273
242.34442
239.27499
202.8954
214.9725
251.26373
214.90041
220.91689
220.87984
281.34766
220.80576
238.91409
208.6368
187.4393
250.88471
235.73163
253.82224
235.65253
232.59232
235.57347
220.43561
235.49442
244.51086
202.21579
247.44644
232.31926
229.26364
265.41861
226.17107
265.32953
211.02214
250.16997
250.12798
222.96823
222.9308
228.91753
234.90222
216.79642
237.83391
267.89447
255.81131
216.65085
198.56326
300.80289
195.48904
222.51938
249.54063
255.51074
240.44031
255.42491
249.37302
237.31517
279.3241
231.22949
189.15598
243.15968
186.09096
258.08279
222.03392
218.99666
272.94995
209.92622
209.89095
239.83505
218.81271
236.75752
209.74988
248.66162
221.66106
242.58821
173.67593
248.49446
260.4263
197.53157
206.47556
227.38413
236.32007
191.41698
272.12524
197.33237
200.28857
248.07695
233.09335
203.1754
236.00232
203.10707
188.14107
271.71362
220.91676
205.95529
241.73294
247.65997
250.60165
235.64523
241.57028
226.62041
193.78748
247.41005
232.46671
199.64934
205.57442
223.41284
235.28857
211.4263
220.32271
220.28563
217.27222
235.09062
163.64313
223.11215
229.02324
217.08937
211.10617
217.01628
246.70299
240.71779
178.27945
222.81178
258.41812
210.85744
193.006
163.28525
213.71924
216.65106
201.77795
207.6776
207.64261
177.9494
151.23151
243.11557
171.93082
204.50392
157.05626
219.24913
231.06149
213.25159
233.94495
219.10138
210.18346
198.3087
180.51929
215.99486
171.58342
212.9642
218.84297
189.23769
221.72553
198.04141
198.00801
174.33586
192.03255
197.90787
209.6879
206.69968
209.61717
239.10039
212.49783
194.75682
188.82324
209.44045
185.81018
185.77882
185.74748
170.97678
153.26366
241.64423
212.13962
185.59084
188.50491
191.418
220.82964
188.4095
226.64191
220.71785
232.45023
200.04997
238.25459
182.33693
167.60403
214.61455
179.30518
211.60317
208.629
246.78699
196.80878
182.09079
205.55167
190.83717
234.83685
220.12238
211.28178
193.64226
190.67607
199.44281
222.86902
211.10341
225.72522
231.54909
202.20491
193.38072
225.57272
240.1797
222.56796
245.95461
251.76811
272.21487
237.05029
219.45392
225.26794
178.42886
210.56895
175.44447
219.26851
207.53911
184.12328
181.17006
154.845
189.87213
213.20496
224.8494
183.93657
216.01595
186.79302
175.08884
212.98872
198.3669
177.91667
227.46153
212.84467
192.40234
195.28449
177.76625
209.78696
168.96646
168.93788
177.64598
180.52766
218.34328
218.30634
203.71809
200.77385
212.37697
177.43565
212.30508
203.54576
197.6967
203.47687
232.50562
183.06718
235.33225
162.6713
220.7308
200.36639
200.33247
200.29855
226.38611
220.54399
272.7319
229.17203
229.13321
246.49399
231.95505
223.21892
260.86102
228.93922
205.72066
231.75865
254.89133
237.47212
225.84985
214.23151
240.24597
254.67546
263.31296
295.09198
240.08316
242.93456
266.02609
239.96111
242.81105
219.64894
245.61836
286.02466
280.19888
228.16452
262.77786
274.28201
271.34882
265.53043
242.3997
227.9325
230.77856
204.78125
259.53784
250.84403
210.44263
227.70065
262.24359
213.21686
247.75053
227.54619
279.34476
241.86575
238.94585
238.9053
230.23109
256.08862
215.76842
258.87814
253.08235
238.66216
218.49693
238.58115
270.15448
218.3857
290.17383
229.80164
221.14653
249.82443
223.94251
246.86903
212.38612
249.6548
212.31401
240.96416
283.94525
220.80879
229.37277
212.13379
197.76683
240.71872
243.54305
246.36639
229.13911
260.60147
197.56534
257.65015
277.64243
223.22092
246.07355
257.47507
228.82784
243.08826
251.62508
237.28786
257.25635
242.92304
274.31351
197.12932
231.37334
231.334
274.12701
216.98033
268.32477
254.00899
253.96581
248.21649
268.14233
262.39255
248.08987
233.79207
205.24593
253.66362
239.37213
213.68877
264.92899
233.55357
264.83887
233.47412
202.12003
227.70212
250.42972
244.69649
261.72379
244.61322
244.57159
238.84323
255.85991
204.65309
281.3501
235.83923
227.27623
261.32318
301.03848
244.19719
244.15561
241.27551
235.55832
212.81767
258.17481
255.29424
221.21733
243.86475
238.15291
212.60031
257.9111
252.19977
269.15613
232.28467
260.56769
252.02797
212.34694
217.97238
246.23851
260.3458
260.30142
268.74371
223.44353
223.40546
237.50456
268.56058
274.16773
257.16507
271.24878
257.07739
231.61269
220.27695
206.12148
214.55565
242.74526
253.99242
245.48415
186.19759
203.09001
282.02136
245.31674
225.54013
293.15216
262.10098
216.97133
228.20363
239.4321
245.02399
230.90276
278.72528
270.23294
264.55795
258.88486
239.14629
258.79651
202.50185
281.20456
269.91031
255.80882
264.19699
219.18987
272.53574
283.72589
255.59058
261.16336
280.77286
275.11044
263.8364
185.2152
249.71724
218.81593
210.36401
260.80682
283.19345
241.09384
243.85559
257.82623
224.15843
235.32616
238.08698
232.44521
249.2059
237.96497
251.91986
271.46726
246.23747
254.58843
274.12531
282.4686
262.84665
265.5975
220.82753
223.5846
257.07834
265.41596
243.02358
270.91101
276.44952
265.2345
234.48303
273.51679
248.35541
253.89301
262.21826
245.43895
290.01462
203.53313
295.49072
242.48392
273.09607
222.89743
220.07356
253.45909
228.35265
258.94101
264.46439
236.58553
256.02524
255.98142
250.37375
241.98654
244.72611
261.36725
252.98242
222.36408
272.34937
277.85992
250.03114
272.20953
269.38574
227.68916
227.65019
238.71419
294.17874
241.40724
252.4632
241.32457
260.69684
257.8793
243.97302
266.10681
260.51828
249.38966
249.34695
232.68395
301.88339
274.14069
229.79575
268.51047
287.8382
235.21205
284.97281
284.92398
259.98315
218.45903
229.48091
196.2693
254.27719
268.05066
270.76764
284.53351
226.483
278.91293
276.10407
231.88765
226.32771
259.40436
245.56412
231.72864
256.5127
278.53055
261.93924
242.59683
267.362
248.02528
245.22737
272.73422
289.21393
225.82356
231.29176
228.49907
278.00537
244.933
255.89731
286.11563
244.80692
253.01541
247.4726
250.17934
277.6239
263.83484
283.0242
277.48096
266.44586
285.62485
258.11661
255.32684
225.08823
260.72818
257.93936
274.35645
255.10768
246.836
249.53575
265.94296
227.52036
227.48128
243.8838
252.0613
287.62921
273.88553
257.40817
268.31558
268.26947
279.17127
251.75827
268.1312
314.58966
298.12506
237.91213
270.68106
254.23242
306.11975
229.55034
270.49497
256.78946
251.28262
267.6246
264.84818
240.23332
270.216
270.16956
286.49417
237.34006
218.20619
234.53131
237.21761
226.27213
258.94162
242.54567
258.85251
275.15375
217.90607
228.76199
250.50574
225.96086
266.75125
242.21199
266.65942
274.77518
239.36687
269.24136
220.25047
274.58603
250.07491
296.2334
228.25064
249.94576
274.34973
271.58661
271.53986
214.47954
276.87524
233.40364
263.21225
260.45386
290.24753
263.07626
268.45425
241.2961
268.36176
241.21295
249.30077
273.64172
222.1263
241.04675
235.58936
268.03824
273.40604
254.41324
281.42996
284.08704
227.23045
270.46582
256.89822
286.59494
273.02921
245.95421
267.53043
253.97498
253.93118
248.48554
259.24454
237.59984
275.35233
242.91603
272.55875
253.62477
240.09267
242.74846
253.49355
301.98276
231.8396
299.1832
269.48792
220.94196
269.3949
285.50934
247.75778
255.79268
242.28809
242.24626
250.27792
277.14169
269.02316
255.52786
271.61957
260.81732
252.70717
292.98218
284.86926
255.26326
247.15962
252.48904
279.30133
222.86545
273.83554
241.57785
279.1084
295.15982
238.76987
246.77565
278.91559
276.18597
238.6049
238.56366
251.92258
254.55861
249.15642
283.93564
259.78299
270.44894
307.8837
251.61795
275.66135
243.50337
318.37244
262.14374
267.44736
291.46719
262.00778
288.69333
253.89929
240.49457
256.48319
259.11005
216.33283
221.63603
250.96606
288.2941
258.88602
285.52588
253.46043
293.42972
282.71063
258.66214
277.28049
242.57843
325.15875
245.15924
253.10976
255.7298
255.68553
311.56281
276.89676
282.17285
290.10864
263.44754
228.8138
247.39533
260.651
295.17603
218.02022
260.51563
260.47049
276.36978
268.35111
255.0222
289.50632
262.90054
249.5795
215.02593
249.49301
289.25562
281.2457
262.62735
289.10526
236.01752
281.05078
275.70017
262.39984
259.70432
299.40308
219.87741
278.10996
243.63506
288.60452
285.9072
256.74249
272.5762
291.05032
312.16348
298.88437
275.03171
277.62808
248.50012
280.17493
280.12634
264.22427
253.61131
253.56731
290.49545
298.3663
261.35519
277.14682
298.211
237.47197
226.87828
274.3168
266.35757
263.67462
276.81027
308.39221
247.72508
276.66614
271.34918
258.13208
300.22397
260.67554
255.36501
236.89546
273.69833
297.33212
268.34168
297.22882
257.72891
260.31357
260.26834
281.25125
233.89732
249.62231
254.83324
265.29572
302.01688
280.95819
244.15486
280.86054
301.80701
257.14734
254.47916
293.78052
262.25845
270.07925
296.24902
251.63683
311.87058
233.2072
246.26588
240.98428
251.41812
280.17773
251.33069
266.9924
240.7748
256.43289
256.38828
277.26971
274.60617
258.86935
245.75237
266.62106
279.64206
287.43247
279.54474
276.884
302.95239
266.3428
300.23621
276.69128
297.52185
250.5011
271.32895
273.8902
263.4104
265.97211
273.74716
258.05951
258.01459
226.70061
283.97772
255.27496
281.27445
270.80969
299.40085
309.76083
281.07849
247.2019
239.35382
306.94382
280.88269
265.23187
267.78549
272.93765
278.08798
267.64554
246.8145
293.5282
296.07416
246.68547
277.7973
321.8772
238.77048
249.10837
287.98132
287.93112
280.10034
280.05151
305.92883
261.80869
279.905
264.30862
284.98898
290.12
279.70978
292.60825
302.91321
266.62067
307.9837
292.40408
313.05063
325.92972
274.147
287.02835
271.46594
284.34323
273.95566
276.49188
240.27342
250.56403
260.85101
276.29886
255.59638
294.2717
283.89679
252.88208
263.15784
268.27094
294.01486
288.80624
293.91217
262.9281
280.92313
275.7204
242.17934
265.32034
273.00043
278.10278
275.47961
306.32098
293.39908
316.50684
262.42322
280.38364
275.19089
300.85706
303.37546
290.46979
298.12924
290.36823
244.07221
287.69797
261.96484
300.43652
287.54706
310.59921
287.4465
277.13208
279.6492
271.90488
276.98669
287.19522
302.52774
264.02463
297.29608
292.11917
279.25806
304.82471
322.6991
322.64264
279.06265
307.17114
286.64291
289.15158
230.25742
260.91272
296.67233
283.83502
299.12509
314.40979
245.35004
281.08102
309.13498
319.2984
314.13458
316.63306
293.60019
280.7858
265.42371
311.30786
278.08701
329.05447
321.34573
313.63968
288.09003
277.84348
333.86346
277.74609
295.53119
318.40454
297.9744
325.93195
287.68637
323.27225
277.40549
274.81232
307.83759
315.41461
297.55676
300.04736
266.94449
279.60709
264.30942
297.29596
279.45999
320.05255
294.59988
294.54822
317.3454
274.13834
294.39322
279.117
276.53104
268.87289
327.15582
322.02713
289.013
281.358
339.59778
271.12378
311.61093
316.62219
308.96899
293.72223
283.5441
298.68149
268.26001
288.45538
356.71109
285.82465
295.89035
280.66721
290.73026
278.04096
384.13458
318.3714
313.26285
308.15607
315.67822
260.07315
302.94461
295.31909
300.31448
302.78491
297.68619
282.49994
284.97214
274.83633
299.99793
294.90408
320.05328
332.59534
312.38312
319.88452
329.90158
322.28992
302.09366
324.69357
294.43771
291.86981
306.91254
289.25192
286.68625
296.69321
329.32181
336.80426
324.1799
324.12283
331.60223
324.00879
293.81671
278.70013
306.26517
321.27081
338.78067
293.55823
328.62701
338.60181
293.40323
308.39523
325.88879
353.40176
303.22046
350.77182
378.26584
333.11585
320.53626
340.50977
332.93988
327.87549
305.2959
295.23419
290.17908
287.62686
345.0914
342.53037
342.47003
372.40176
332.35373
292.31979
302.26035
314.69498
347.1023
334.55762
329.50613
331.94385
346.85761
359.27115
319.29581
329.21576
324.17047
321.62012
316.57791
316.52206
353.84415
296.47907
308.88168
313.80826
351.10443
328.63553
326.08832
333.49713
370.76349
353.28272
315.90836
318.33963
358.06888
328.17188
343.02823
365.33514
325.51331
325.45584
303.04276
352.65964
350.11429
327.70868
342.54404
312.70236
364.75501
324.99637
372.06754
282.72138
337.22208
347.07904
376.76212
319.69556
312.20563
329.49216
354.2034
331.85223
326.84146
314.40552
321.77554
356.3653
316.71317
319.13107
366.07016
309.12622
338.74246
358.45966
338.62268
350.91913
348.38626
333.50232
353.20294
375.36612
338.26358
353.01559
365.29416
355.35849
347.89362
362.63345
372.43512
340.31097
337.78516
372.23749
335.20093
359.78436
369.57608
325.16937
354.66745
342.29202
391.47336
352.01749
364.26129
317.44183
401.03766
361.60794
304.97583
368.85706
346.66425
331.85379
339.16824
353.85199
393.09924
302.14154
395.41602
358.51248
370.72464
353.47607
409.86145
368.07379
390.08908
358.13153
333.54288
397.23801
384.90936
335.81677
387.22369
384.70471
357.68747
364.9725
347.76447
355.04865
408.84561
372.05698
362.20175
340.11566
359.62686
376.68512
401.07407
374.10638
334.92474
327.5325
359.24429
393.38825
368.88873
381.03598
356.54733
341.83402
351.53833
388.08801
400.22101
378.19052
324.45425
397.56885
392.621
353.54001
370.54166
385.09992
370.4101
370.34433
421.43549
426.23187
348.23047
372.51608
394.35873
394.2887
401.51901
357.65341
374.61795
362.39066
396.37033
374.41834
381.64438
381.57657
374.21878
393.58875
383.80231
376.448
429.80292
366.60284
422.36792
393.16922
395.52585
424.56882
448.75009
385.61395
402.51907
375.7793
332.08133
438.65717
399.80972
356.13077
404.51199
399.59644
387.41852
358.29837
457.47531
423.51288
384.72324
387.07401
406.35538
350.66098
408.62869
391.63355
403.64914
415.66043
403.50543
369.61282
398.53113
412.94962
379.0734
393.4902
434.45169
383.69733
395.69278
434.21964
383.49234
424.41907
407.46619
390.51932
433.83304
404.83872
411.99457
431.19232
404.62238
426.2226
430.96188
428.47791
387.48679
411.48093
396.97226
440.19983
384.80557
447.25674
425.5394
427.86728
396.54785
427.71472
427.63846
425.16019
381.85544
348.17084
398.52451
360.04828
419.98138
412.70807
403.0383
436.54694
443.66361
455.57321
407.54541
445.82306
409.79645
419.3075
409.65021
399.99634
435.84634
404.64224
406.9639
418.85864
428.35608
437.8501
399.4968
440.08554
423.26755
425.58289
403.99249
437.3812
446.86163
444.39261
398.92639
441.84549
446.54242
439.30014
408.1897
436.75653
484.40292
427.05728
446.06393
507.99271
407.75226
386.22257
474.34909
450.43195
440.82016
400.24081
402.55121
381.04544
450.02945
447.5683
435.58698
437.88892
435.43121
435.35333
425.76126
411.41632
420.85355
408.89188
432.58725
437.26273
468.07254
467.98877
484.5311
482.06967
477.2348
451.03674
443.83566
429.51807
453.16721
453.08609
412.68518
479.00851
431.50467
424.31598
476.38123
440.75147
443.04175
454.80631
421.56784
504.37006
437.98941
466.31601
480.43243
489.81134
466.06543
463.61655
454.07361
484.73132
463.3674
453.82956
458.47479
508.01245
453.5856
441.69431
462.86935
535.98218
434.37463
490.94415
450.7381
488.40866
493.03915
502.38522
497.57874
528.1405
478.5415
461.95721
506.64789
466.50366
482.90958
475.75723
487.44595
515.61115
503.74881
510.71906
475.33057
512.88849
505.73959
496.24139
559.64105
467.85114
526.53186
491.18488
512.24439
472.21393
486.22257
464.99893
493.09213
478.91776
478.83176
509.25409
537.31909
499.68735
508.97971
527.64917
506.45218
501.67267
494.551
513.20953
506.08832
510.68253
487.16916
501.13205
547.86835
559.47437
519.58569
489.07156
545.13489
519.30554
509.857
498.07346
502.65979
483.86917
479.10791
514.07214
565.37763
513.88727
499.78223
574.41266
525.28296
546.19598
539.09644
548.33276
538.90247
529.47553
545.70477
566.59143
510.53989
522.10205
533.6601
521.91412
498.52466
526.38452
512.31751
554.13458
537.73969
549.28015
542.20013
572.34851
521.06903
534.92987
497.62772
590.53589
550.91254
483.41422
522.82983
532.02875
562.12994
559.70624
589.79157
561.82611
561.72485
596.435
580.08514
547.50165
607.71008
544.98523
558.79901
554.06177
540.05487
586.30579
588.51703
572.19489
602.20178
539.56812
590.40796
571.78223
555.47766
564.63373
529.82709
543.6109
573.57953
578.10083
547.94067
564.02283
536.1872
573.0622
566.02783
584.40485
584.29938
570.33954
586.3971
556.28424
526.18219
572.23517
549.06201
525.89722
521.18994
594.87927
564.80273
548.56641
589.94806
587.53742
592.03864
587.3252
621.76135
561.78656
559.38306
591.50397
614.40869
542.97467
595.784
637.07471
597.86816
565.573
586.15875
592.94751
569.862
569.75897
613.29901
626.96759
544.19214
583.12152
589.9021
628.80914
637.87341
656.11078
591.7691
628.35431
607.60498
648.75885
577.58887
570.60956
607.16534
611.63702
636.72034
604.54584
595.27826
583.72498
627.10468
553.76587
553.66565
610.75189
615.21545
612.81738
656.14459
642.31097
658.19238
550.67926
582.56342
621.28839
632.59454
561.69702
618.66797
616.27338
636.70044
616.05005
588.56342
604.42261
649.92163
674.88397
592.69611
633.61401
658.56567
644.77612
617.32385
598.9917
623.93146
642.03198
669.23114
634.9715
675.81482
627.91608
659.64722
616.31714
641.21735
622.91382
640.98474
629.50555
643.02435
649.72296
633.70569
656.29999
642.5578
651.52161
649.13367
639.93872
639.82257
685.07568
598.76538
598.65668
666.56482
609.77338
650.45795
634.47791
691.0022
654.63397
609.21991
638.54578
597.67896
665.47614
649.51343
669.75977
644.75287
631.06445
673.91773
685.10053
603.59271
673.55035
662.12885
659.74908
661.88818
652.73346
661.64752
659.26947
695.2674
679.34235
670.19263
685.86371
658.67035
672.0824
671.96021
678.60144
662.69946
694.13025
716.53662
693.87775
668.97467
713.89356
630.45367
679.8656
654.98309
659.36469
719.9942
656.87512
706.23712
694.86481
656.51648
676.62836
687.7428
707.84161
651.54504
651.42639
693.97968
644.45276
671.27618
686.86658
706.93976
684.37256
731.35999
675.15112
686.24121
683.87396
694.95831
723.96979
683.50018
685.61615
665.32971
636.09155
691.95941
709.74481
723.04663
693.81915
702.64356
662.24384
713.57184
695.54981
646.22907
630.46143
721.99255
688.33795
697.15021
679.15064
670.09216
654.33728
678.77899
669.72546
707.54749
680.6391
693.9021
675.92914
700.33997
751.50153
737.987
708.87317
704.28626
721.98444
741.90411
634.84705
710.45343
668.01599
719.09924
721.19379
649.84607
729.83075
705.22589
702.87274
671.61011
704.83942
675.81085
695.69128
724.45343
730.98657
701.9743
768.47693
721.70331
759.31519
665.94415
703.55237
747.80383
698.85797
707.60297
687.51349
671.86615
731.60156
711.51868
704.74005
720.12146
746.57398
715.4281
706.43909
717.38055
715.03552
686.13147
730.26434
699.15552
701.23969
721.01672
678.87
718.54187
742.72577
738.16968
700.46991
748.9458
709.04895
700.08521
726.45386
741.77441
717.35877
745.9165
712.68311
743.43726
708.0108
705.67584
683.49823
716.43945
722.92029
687.52985
729.26502
707.10327
706.97369
768.50031
726.52899
717.591
737.26666
708.52637
741.3963
706.06702
690.54327
688.2179
703.48035
753.90472
727.39563
654.75568
744.70294
722.60272
737.84186
735.51093
711.22931
700.12512
730.71747
713.03186
758.96539
754.43982
712.6394
730.04724
723.33746
738.54541
740.60095
729.51135
724.99677
764.28223
766.33142
715.84106
737.59674
678.37683
752.64124
745.94043
719.55817
754.41327
769.5788
727.90527
721.21503
775.71002
744.98169
736.10761
759.99518
762.039
737.88495
715.92242
722.33771
746.20569
767.88336
711.03394
676.01227
774.00073
743.34009
745.38287
716.91773
784.32495
692.69293
729.58948
677.1958
759.80017
705.24347
757.34436
746.32562
704.85425
733.00055
728.5163
697.94238
747.81305
747.67542
736.67242
703.94672
705.98938
727.57819
757.84485
757.70532
729.34699
763.93713
739.9278
709.41882
754.83881
722.16962
709.02692
689.38538
741.27789
736.80719
764.83826
810.18921
701.74585
760.08453
738.29364
727.33417
729.36438
733.55768
687.98926
733.28729
726.664
730.85461
700.45337
698.16272
773.6723
764.88684
725.86041
740.84583
760.14471
736.25433
708.05536
731.66608
675.42548
772.38886
744.20386
724.65613
668.45813
707.1413
732.87708
777.99939
730.45178
657.06982
725.87427
796.80682
729.91254
746.9997
699.51025
742.41992
720.7674
705.57623
722.65192
731.11981
694.43555
754.49487
696.32813
754.21613
698.21924
732.45776
689.37091
742.92291
706.29041
691.13519
665.25562
723.06354
690.75195
684.18988
694.7854
743.96899
703.10291
677.2544
655.70099
739.13403
734.71326
651.05402
698.04059
697.9115
702.06323
727.61383
673.9881
703.81287
695.12726
671.47559
679.90356
694.74139
703.16187
711.57922
709.31104
670.73023
723.99823
691.83484
672.49262
680.90613
663.70715
618.77631
661.32806
714.52863
731.45648
650.29999
677.89209
620.22028
671.24811
681.77649
639.04706
653.83698
623.90466
662.11054
621.5448
644.83966
674.50916
638.21838
640.22711
623.09558
663.37805
629.24194
633.37616
652.38391
631.0166
635.14807
645.64948
630.66553
613.56409
617.69562
640.92596
632.31958
613.10889
619.3584
595.91577
593.68488
631.73309
606.18164
563.68665
652.56867
610.08081
626.91107
597.14899
582.21802
590.57697
573.53632
588.2417
541.5896
594.36877
575.22516
594.14801
598.26563
551.65485
570.57141
574.69104
566.13452
561.80524
540.58423
542.59503
548.82678
563.49817
580.27411
544.30139
548.41882
601.03967
560.86603
548.11298
585.95032
512.08435
514.09607
535.06604
507.58633
576.98248
591.61285
568.3479
515.62714
507.11438
530.16199
506.92566
529.96472
557.20044
498.23367
506.5484
491.74384
508.46091
556.68207
510.37192
499.77734
466.09207
499.59125
470.11597
476.32346
490.92038
471.9509
459.28
467.58154
429.75946
496.75131
465.22467
483.9949
448.29269
488.00342
462.78394
468.97867
475.17105
481.36108
460.34653
474.90537
430.89105
443.35858
437.00314
432.7406
459.83179
463.92554
428.31979
447.04068
444.86871
421.81558
450.96619
432.09531
425.7536
429.84744
398.47348
421.3436
456.71796
406.59076
444.03934
431.45062
429.28619
397.95319
431.20905
422.79755
424.80096
358.09863
412.15286
393.34515
401.59491
364.07245
366.08447
407.60883
392.97794
382.51022
384.51724
390.67963
386.45126
398.84287
357.22998
363.39279
394.46701
377.78723
361.11371
419.14557
365.12787
379.57901
377.43424
371.14337
360.70877
331.62421
360.57388
331.50018
345.93857
347.94498
347.87988
345.74448
331.19022
341.47601
341.41211
302.04144
312.32687
328.81244
337.02136
285.27756
357.56363
361.62961
363.62796
313.98352
328.38181
301.4765
317.93622
284.85053
299.24344
328.07443
299.13135
327.95154
313.45468
303.08688
278.29294
278.24081
298.79523
321.40222
344.0007
265.67529
350.0491
300.57407
271.70096
310.75116
298.34747
273.60535
275.61084
333.1387
242.61107
265.17761
275.40418
271.24277
275.30084
236.22134
264.92902
305.94586
246.35312
246.3069
246.26068
260.57697
278.99069
252.27512
268.63281
276.78339
266.48212
268.48157
256.1366
231.50401
258.08875
262.13617
253.89671
243.61319
227.19315
257.8465
268.02814
229.11078
255.65595
247.42847
290.31604
269.82053
237.07047
239.06923
222.68077
234.89426
243.01881
230.72238
232.72041
246.96384
230.59229
206.06586
269.26315
230.46223
218.18425
205.91089
238.48558
213.98526
236.35829
254.64851
209.79091
213.82428
213.78404
201.52989
213.7036
231.97739
185.14008
215.61708
191.1716
211.46919
185.00072
180.9007
207.28537
178.80075
217.36453
168.57811
176.66908
205.05997
190.81194
184.68741
190.74007
200.84796
176.4695
188.60426
200.73445
214.8873
180.39024
214.80632
204.63536
194.46825
200.50757
224.76914
186.26003
184.20071
182.14218
190.20152
208.373
175.97119
182.00484
190.05808
208.21585
181.90186
189.95055
161.62955
197.95883
155.50974
163.5573
203.90332
189.7356
163.46471
185.62857
175.50693
163.37216
181.49036
161.2943
167.31125
171.31049
155.15784
147.06992
163.15634
173.19501
199.33798
179.16899
150.95657
203.24979
179.06746
166.96394
172.9661
178.96597
190.995
166.83777
150.72853
162.75604
194.86855
152.65164
146.59821
172.67207
174.64687
158.55739
156.52074
176.55409
150.44379
164.45409
166.42815
168.40144
154.33878
188.37793
174.3168
182.29686
164.23642
176.22037
152.16151
166.14493
170.11623
142.07018
156.04755
162.01871
155.98846
155.95894
155.9294
135.91272
157.86868
173.82246
163.80164
133.81258
189.6983
163.70857
133.73654
155.66379
167.60616
141.64026
173.52631
151.55747
135.57835
161.46713
147.48521
157.42059
153.40617
153.37709
161.31413
149.33661
155.28062
167.19357
197.01221
169.11981
127.31312
153.14453
159.08102
168.99152
153.05739
157.00311
125.18125
139.06389
178.7625
140.99698
168.76717
140.94345
136.94722
156.76488
152.76714
140.83646
113.04442
126.90296
180.40588
134.78319
148.62968
162.47093
146.59226
168.35101
154.45746
148.48857
168.25507
142.49486
156.31882
148.37573
164.17127
144.36415
162.13165
162.10083
142.30537
144.25441
152.12982
142.22421
146.1471
134.27179
134.24625
146.06372
142.08902
134.16966
138.08955
142.00795
151.84071
155.75499
151.78293
132.04573
151.72517
143.81596
120.15211
139.82256
145.70281
151.58081
143.67912
157.42661
120.01492
125.89332
171.10364
153.37404
167.10655
149.38446
145.42558
125.74951
121.79663
145.34247
141.38736
135.4704
139.37051
133.45618
143.24182
123.59609
160.84044
154.92648
154.89696
152.90707
129.35825
172.44476
170.45265
141.03737
154.71982
166.43893
131.16802
150.71658
142.85988
162.39874
117.37428
166.24851
150.57285
154.45435
144.65114
162.21289
142.64194
148.47559
156.26025
144.51314
162.05811
148.36223
142.47861
156.11112
156.08131
132.64377
134.56871
165.74138
134.5173
167.62721
165.64641
165.61476
134.41452
142.17949
146.04691
161.59436
145.99109
132.33995
167.33911
140.07108
132.26407
151.68565
155.54527
153.57159
134.10649
124.36485
149.59784
145.68431
151.4827
155.33714
157.24876
184.39229
139.72321
159.09876
153.24873
153.21941
153.19008
155.0995
129.87097
153.10213
153.07282
180.16515
137.51909
151.04839
168.44478
156.79787
166.44486
125.77725
137.36115
133.46625
179.85483
156.61774
141.12227
160.42334
166.18993
173.88635
166.12624
144.84976
156.40776
179.54485
181.44064
171.75661
152.42888
165.90343
177.44405
154.26958
156.168
188.90776
167.67166
152.22437
167.60733
156.01827
186.80084
190.61583
155.92848
177.06996
138.5499
178.92593
153.88524
163.47168
180.74574
153.79663
176.83217
163.34618
163.3148
163.28345
155.56964
165.14098
174.70863
155.48001
170.80325
161.17659
147.71681
186.04907
163.00136
153.38356
162.93872
155.24117
193.53513
155.1815
168.55983
164.69727
170.40974
181.86307
181.82809
158.82979
172.19196
179.81035
153.00064
187.38974
168.23596
170.11501
189.19264
143.30019
170.01683
204.36293
196.68533
156.55431
173.70366
175.57867
202.25824
160.24925
160.2184
175.44351
177.31636
194.43855
156.28325
167.68631
182.89528
201.90797
177.11156
192.30989
196.08023
178.91254
184.58693
165.52545
207.3425
188.28395
180.64169
157.79338
210.98419
197.64078
178.60242
172.869
197.52649
195.58946
193.65318
193.61585
195.47633
166.97669
202.9893
183.98285
199.11827
197.18385
189.56328
216.06043
204.64932
191.34808
172.36946
202.63705
191.23731
164.69736
176.02182
191.12657
202.44153
187.26955
198.58086
194.76074
224.97138
168.2234
183.30919
205.94682
205.90704
200.20119
228.48738
213.33955
201.97275
234.01665
171.70483
188.65015
205.58891
190.463
211.16567
186.61928
180.92915
224.2334
175.20734
205.31082
197.73822
216.52855
220.25165
208.91628
210.75761
199.42844
221.96228
214.39665
231.27794
208.67384
202.99471
212.3515
219.82581
204.75534
187.81258
234.72026
208.39124
213.98198
208.31053
212.02281
221.36147
213.81627
219.4005
253.10538
249.30737
232.39191
204.2404
224.80826
234.12988
207.86704
234.03914
224.63402
196.51666
198.34979
235.72858
243.16487
218.80595
229.98216
224.32933
192.51201
209.29283
237.2771
226.0233
255.86104
237.13904
238.9599
240.78005
237.00102
240.6866
231.31278
218.21243
253.5994
236.77112
229.26924
257.17896
244.08626
245.90176
216.05353
249.53061
243.89671
275.49393
245.66307
227.00812
286.49558
252.95993
258.48969
243.56525
249.09467
247.1877
286.16171
247.09163
254.47348
248.85269
261.80154
304.44757
272.83594
278.34988
235.62373
257.83725
278.1875
259.59119
287.3486
265.05069
257.58658
259.38925
270.45328
283.36508
277.75485
270.29544
272.09381
253.53467
275.68842
275.63474
270.03247
277.37662
295.81079
303.147
310.48038
258.68326
282.64877
278.89969
278.84537
284.32993
278.73673
306.36612
324.75861
291.48785
265.60803
293.21838
287.62991
326.28571
289.36084
274.56281
298.45975
311.29547
248.61949
276.19
305.59067
322.09601
299.95093
344.04834
305.35233
382.53552
296.03943
301.49686
316.14233
308.72992
332.55484
332.48993
306.71259
330.5239
326.7876
326.72382
334.0007
311.91776
293.51233
348.47784
363.07968
328.17459
333.60956
351.871
322.48541
371.88495
346.17007
322.29645
360.68176
349.6282
366.03128
367.78955
373.20599
402.39838
380.375
391.27084
367.43021
374.66898
403.83246
389.13797
359.83658
392.63821
410.8201
401.61218
386.9324
397.80548
410.49872
395.82575
386.62967
401.14096
453.92978
390.04804
419.12845
419.04639
400.74851
435.27338
393.30814
405.9747
445.93869
420.37415
482.15295
431.12402
420.1272
496.41669
438.14279
423.51566
441.60574
492.39386
479.58121
472.22226
455.78674
468.4061
473.7598
499.07437
473.57407
513.39154
509.66336
540.39111
533.03296
511.17627
549.13489
498.29196
519.93359
565.1131
536.02777
528.68042
539.43781
561.05005
550.08307
539.1203
546.24957
585.92755
625.58997
582.08215
562.08698
538.48566
561.86627
608.71942
615.82367
595.84131
584.89294
581.16834
606.31738
631.45648
665.6048
647.43945
645.50916
611.13019
645.25549
650.53473
691.84558
670.09363
659.15607
682.43451
689.5014
631.76868
718.02319
746.66925
741.12585
696.0177
774.99902
708.32843
702.79675
727.81763
729.47113
781.42242
775.88062
741.61023
741.46429
753.88306
769.88611
741.02649
735.49896
771.22504
772.86639
749.40729
765.39209
793.91553
861.8468
754.19135
797.02863
798.66235
803.8761
807.29773
837.56299
842.76587
794.29785
872.84003
836.90289
883.22339
824.06012
823.89771
834.4563
796.77545
803.76288
835.74854
878.4342
819.35321
879.87244
826.16748
843.84479
868.64978
820.32867
798.77112
889.5271
880.44025
880.26648
860.49554
876.35657
858.375
836.83942
904.32019
866.76569
882.60962
894.8891
875.14606
880.30841
883.69067
865.73908
899.33765
888.49805
865.22607
873.93658
857.7804
866.48889
862.76715
883.89533
876.62244
890.64264
894.01422
879.6496
941.53546
820.79987
857.85864
905.53528
871.69324
910.49127
844.78296
842.84515
874.54437
874.37134
819.33972
852.79395
882.69702
855.99365
905.33472
829.1366
830.73999
864.15198
825.1106
793.15051
801.82416
814.02582
852.70416
829.58917
801.18915
818.67426
781.46735
772.49414
777.63104
770.42505
816.10095
815.93921
759.39545
794.47675
755.57196
787.11823
786.96222
762.16345
763.77222
726.67133
745.87787
743.97113
750.85736
710.27216
708.37354
746.89581
734.4483
748.3562
704.29883
653.2348
661.88348
654.7309
679.17041
661.48944
605.22162
678.76599
647.06702
641.67883
643.30432
651.93921
636.0401
611.38818
627.03009
637.41235
632.03333
623.15558
567.02893
582.66394
577.29999
559.69476
557.83484
583.94922
552.36908
547.0163
576.61182
557.28058
529.22394
536.10382
534.25128
525.41718
563.70758
499.035
484.97949
524.99921
483.04269
502.12497
503.76819
484.49719
507.05261
470.36755
480.72446
498.04285
438.74759
452.58597
440.31329
492.42627
462.75372
429.61432
398.22705
457.26138
439.78742
415.36859
436.13699
404.77957
404.69891
397.67206
397.5928
437.43851
388.75671
376.53302
392.07141
376.3829
355.4982
381.4342
369.22403
374.3497
330.95618
372.46799
362.00131
387.90488
365.31964
349.66751
347.86707
370.29202
342.53827
333.82169
337.21368
335.41742
349.17935
316.27258
345.58411
355.88055
317.81043
298.75122
307.32425
302.08429
291.66885
296.78711
289.82718
270.7963
284.53796
293.10178
260.29132
296.43152
277.41824
260.13528
287.64179
241.08862
284.08334
249.59909
285.6908
237.4545
239.12737
240.79953
235.59242
233.82599
233.77921
242.32555
238.84052
269.71552
252.48567
257.58688
224.91419
233.45197
248.85118
245.36963
231.59628
229.83473
214.35515
233.17171
229.6967
198.80211
222.75084
207.2881
255.20447
227.75433
203.73937
201.9868
224.19464
193.35053
200.15468
220.63913
208.62465
210.29253
184.61008
184.57307
203.33141
182.79074
201.5419
201.50148
169.02242
199.71372
192.8472
221.81511
199.59355
187.61441
202.92395
165.37541
167.04678
151.67531
184.01849
182.27803
192.46059
153.25642
180.46578
171.91872
158.26961
182.05856
180.32086
176.88306
144.53885
144.50981
158.07898
171.64267
163.11273
142.69496
154.55515
152.82602
140.91122
171.43584
159.52206
164.58011
142.49432
149.24976
159.39383
167.83847
154.24474
120.3206
144.0168
120.27219
152.42705
145.62322
128.66438
120.17544
140.45851
148.88991
155.6263
142.06497
143.7273
162.29462
147.0499
148.71018
141.92204
136.82584
145.24263
130.01663
157.00145
131.6521
126.56307
123.16323
106.27014
133.23254
146.69487
143.2937
124.72467
136.49544
129.72876
128.01816
136.4129
121.23148
124.57389
146.42897
141.35118
111.03925
119.42722
131.17526
134.5116
119.35497
124.37303
117.62643
115.92266
109.18047
125.95204
109.13641
105.75701
127.55414
102.35831
105.69298
117.41293
127.45116
110.65892
122.37076
127.37396
112.26753
127.32251
128.97176
127.27107
115.52539
115.50205
125.52034
130.51477
118.7779
95.33763
95.31836
105.33057
122.02504
127.01408
103.5958
116.93935
118.58593
100.19319
106.85113
101.82188
101.80128
110.12337
108.43288
115.08239
103.38644
130.0405
126.68048
106.65671
99.97042
114.94271
106.59195
116.56134
109.87844
88.21785
118.15469
116.46696
98.14512
103.11466
118.059
114.71015
141.28098
96.38396
98.02588
83.05595
114.59398
119.55209
94.62622
86.30817
122.79827
96.22778
82.93816
101.16405
87.87881
87.86099
117.67669
97.76784
94.43451
87.78972
91.08405
92.72131
107.60111
89.37355
99.28379
102.57243
110.8219
89.30101
112.4303
104.14222
74.37219
100.79517
99.12266
87.54057
89.17416
117.22369
79.23372
92.42056
97.35188
103.93089
100.61105
103.88865
100.57015
93.95629
112.06542
93.9181
93.899
92.2329
88.92078
79.02462
82.30058
98.74061
80.62176
80.60536
98.68037
108.52632
101.92822
96.97648
95.31341
87.07901
80.49062
78.83191
95.23584
85.36647
123.09966
95.17769
82.03302
95.13893
78.71964
96.73985
77.04825
99.97842
80.29417
98.29936
90.08939
111.36056
96.60197
99.85626
75.2861
70.36179
94.88725
94.86791
99.75453
73.5744
89.90594
91.52192
89.86927
93.11825
106.16582
86.54832
97.95924
76.71909
76.70343
86.47771
96.24799
76.65649
94.57806
91.2981
94.53945
92.8905
97.75951
89.59458
94.46227
83.04469
74.88776
94.4044
73.22984
74.84187
94.34657
94.32729
99.18602
68.27806
78.01612
76.37518
90.98161
89.33868
63.33629
100.66788
89.2839
79.52757
77.88863
97.34087
76.23476
94.05769
111.87334
102.12433
79.41378
93.98075
98.8216
84.22413
85.82626
92.28482
74.46023
63.1164
84.13797
87.35616
79.2514
79.23518
75.98552
69.50443
88.88281
105.02181
71.07713
95.28844
88.81001
75.87664
90.38768
90.36916
85.51043
93.55827
95.15184
85.45786
85.44034
69.30531
62.84542
91.83216
86.98105
91.7945
103.04637
98.19592
85.30027
83.67366
67.56871
90.07313
85.23029
67.52712
91.62515
96.42773
72.30595
70.68464
88.33766
80.29047
62.61371
73.83691
73.82175
97.87395
72.18726
72.17244
89.79614
67.33327
84.95071
81.72823
81.71143
81.69464
73.67022
102.47663
75.24081
67.22265
62.4082
78.39417
86.37582
83.15961
79.94472
71.93545
100.68891
86.28703
79.87896
87.84879
81.44302
91.00582
83.00577
68.62526
65.41992
73.38285
84.5324
84.515
90.87478
86.07417
81.27554
81.2588
65.31225
84.41064
89.17023
71.63989
77.99181
93.88915
58.8675
69.99017
54.07217
77.91148
85.84393
76.28999
90.57569
79.43598
68.30086
66.69871
100.02744
76.19566
92.05077
95.20529
68.21639
58.68571
85.63174
69.75962
80.84106
85.57874
83.97662
83.95929
91.86101
77.5907
88.65678
80.72432
77.54265
87.01969
102.82022
85.40223
80.64101
94.85217
66.38281
82.17126
97.95318
75.81905
80.54109
82.10336
88.40073
69.44336
66.27314
83.61311
77.2867
61.50118
74.10149
105.61219
77.22279
77.20682
83.49214
78.74988
81.88294
80.29164
89.71915
94.42167
72.37497
80.2252
78.63588
83.33678
69.17093
58.15442
100.57061
84.83888
81.67978
78.52199
73.79538
72.2103
98.87624
87.87178
70.59663
81.56142
81.54452
86.23113
89.34829
84.6282
83.0438
79.89351
75.1783
75.16271
104.89287
75.13155
89.20021
76.66498
82.90614
87.58078
85.99899
64.09504
79.71143
89.07076
81.24068
60.91786
79.64529
79.62875
81.17325
70.2315
68.65654
96.72322
67.06831
90.44544
73.27677
76.37907
73.24633
73.23112
105.92939
66.97085
70.07121
91.85204
76.26805
62.24669
80.90388
69.99842
85.53584
74.63394
82.39117
68.38599
85.46472
94.76843
82.32266
82.30553
93.15669
79.16672
71.39042
83.7887
88.42523
63.59087
86.83775
82.16863
105.40195
66.63736
71.27164
71.2568
91.37556
85.16287
77.40466
66.55415
80.46732
80.45055
68.05936
81.96352
74.21565
64.92516
77.27575
84.9856
78.78841
91.12837
86.4767
80.28305
95.70214
66.36022
84.86166
77.13088
77.11478
77.0987
77.08262
87.85585
78.59147
86.2785
87.80087
92.40268
81.60533
67.73368
72.33678
69.24416
70.76815
81.52019
84.57876
98.39837
89.1549
72.23112
59.92394
58.37523
87.54456
78.31297
69.08525
78.28025
82.86765
85.91886
64.42568
78.21483
75.13187
84.31406
67.43715
87.34349
65.87692
61.26804
79.6318
65.8356
82.65997
90.29478
91.80598
79.54854
59.64892
68.81127
88.67152
67.25398
73.35261
82.50441
70.26682
61.08879
73.2912
65.64295
71.73425
74.7711
56.44799
74.73978
64.04925
80.80712
77.7415
94.48947
74.66151
89.87972
73.10716
92.88753
62.41951
66.97276
83.69839
74.55202
83.66329
63.87493
79.06666
92.73182
82.07324
71.41913
74.44262
74.427
69.85558
56.1764
89.55978
91.05862
63.72765
97.08843
80.38447
65.2039
86.41492
92.4597
84.86321
69.69443
87.85712
83.29529
86.30607
77.20499
75.67527
74.14618
80.18208
86.21542
84.68507
87.6911
80.11468
89.16551
61.94944
77.04286
80.04731
73.99044
69.44581
92.07181
70.92564
69.40199
66.37054
82.94572
73.88155
75.37347
88.92197
81.36908
88.88454
51.21081
75.29417
90.33397
81.28346
82.77127
81.24922
97.77939
97.75879
79.69422
76.67073
85.67277
67.62214
84.13426
79.61029
90.10586
85.58252
75.05656
76.54155
76.52541
85.51037
92.99167
92.97205
86.95551
110.91984
95.91043
77.91079
85.38419
79.37557
77.86148
79.34206
98.78248
68.83386
79.29184
73.29207
80.7538
73.26112
76.23528
73.23019
77.69726
94.11333
79.15798
85.11418
83.60329
67.16702
83.56796
77.58242
76.07437
74.56696
80.51529
86.4611
77.50046
83.44439
92.36533
77.45131
89.348
78.90737
62.51714
89.29131
68.44219
81.81574
92.20914
96.65041
59.46459
68.3698
60.92541
77.25489
65.35568
87.61748
95.02257
66.79859
103.88692
77.15679
62.30575
59.32624
72.65925
84.50407
77.0751
77.05877
75.56086
72.5823
69.605
63.66768
72.53616
69.56075
88.78213
62.13431
57.68391
69.50176
72.44392
72.42855
91.62485
69.44281
82.72282
91.56654
78.25802
70.86015
73.79698
69.35444
78.1916
95.875
84.05715
91.41117
64.85867
67.79239
73.67173
79.54857
69.22201
70.6798
75.08134
76.53725
77.99255
69.14851
88.25593
79.41345
69.10442
70.55973
66.13568
99.91711
83.73624
60.21853
86.6375
60.19291
68.98695
60.16731
89.49817
83.61165
73.32794
68.9136
74.76267
89.40299
90.84927
90.82993
87.88122
76.14751
71.73911
61.47757
86.34295
61.45139
59.97548
92.13781
96.50476
70.17033
71.61695
84.75302
70.12548
67.18926
78.85754
59.86056
78.82393
80.26651
53.98596
64.18583
77.29826
65.6166
69.97611
91.82406
88.89005
61.18993
74.2862
68.44522
58.23882
66.96035
78.58885
84.39224
71.28167
85.81062
55.25606
79.9588
75.58127
52.31432
82.81331
71.17519
78.4212
85.66412
72.5812
69.66306
75.45219
76.88677
78.32072
102.95522
85.53606
97.1134
79.70291
95.62304
95.60259
79.65179
91.218
85.4081
76.70612
72.34879
83.90663
70.87147
73.7484
75.17835
85.28027
62.14011
72.24047
75.11401
70.76536
82.30125
79.39649
72.16317
88.02021
93.77194
99.52119
73.54339
67.76076
87.92597
