64.96843
82.68709
88.57854
94.46802
88.549
76.72967
88.51947
76.70409
41.29532
29.49174
117.94727
117.92761
88.43097
70.73299
76.61462
106.06411
64.80615
129.59071
82.45307
100.1049
111.86331
123.6178
141.25395
82.38441
88.2543
94.12225
99.98823
94.09089
105.83463
123.45316
35.26646
99.90499
99.88836
29.37404
88.10744
105.71132
82.20623
64.57986
93.91869
140.8546
99.75539
129.07373
117.32023
140.76083
35.18435
82.08316
76.2074
152.38944
117.20313
87.88773
111.30593
87.85848
105.41264
122.96096
146.35774
81.9467
93.63779
87.77084
181.36289
122.8383
128.66635
163.72994
116.9305
99.37441
140.26996
64.27971
58.42638
58.41667
169.38017
110.95477
145.96886
116.75568
116.73628
105.04519
40.84412
105.01028
93.32696
46.65572
64.14096
87.45042
104.92307
116.56182
151.50519
81.56617
104.85337
93.18752
151.40456
110.62341
81.49845
162.96983
110.56831
128.0052
63.99198
104.69676
110.4949
81.40378
151.15335
46.501
139.47984
151.07808
203.34059
121.9841
185.84969
150.97781
145.14688
116.09824
133.49081
104.45374
116.04046
127.62332
69.60117
121.78185
173.94521
133.33588
115.925
115.90578
144.85819
115.86733
173.77217
98.45457
162.13358
167.89621
133.13699
121.5397
127.3062
127.2851
185.11125
161.9455
173.48427
150.32811
202.33122
80.91908
132.91646
127.1164
115.54121
115.52207
115.50293
138.58055
109.69142
92.35642
98.11243
115.40727
173.08223
196.12737
184.55989
196.06241
109.54614
97.99873
109.50986
149.83077
161.3295
172.8244
149.75635
138.21375
115.15905
149.68198
166.92534
115.10186
80.55797
115.06376
155.31036
184.04108
103.50597
97.73946
143.71071
143.68692
126.42357
126.40265
178.08334
160.82286
137.82536
143.54433
126.29811
269.77405
143.4731
177.87721
252.42912
143.40192
223.67
120.41777
114.66462
143.30707
217.79073
160.45085
126.04768
171.85477
91.64072
125.98516
143.1413
125.94351
137.37021
188.85281
217.43092
183.06947
148.71936
142.97575
142.95212
160.07991
80.02673
120.02026
160.00057
79.98707
159.94769
222.74748
154.18433
216.96431
159.84203
102.73862
182.61626
159.76283
188.2608
154.00613
216.71358
188.16754
193.83759
176.70508
96.88678
136.75876
182.3149
170.892
176.55925
261.94788
244.8239
159.39391
165.0593
153.65053
193.4539
125.1554
204.76595
250.22818
153.52377
198.97945
164.84149
204.59705
215.92792
232.93642
170.41316
204.46205
147.64267
153.29594
153.27066
232.70595
153.22009
124.82542
170.1884
209.86441
215.50087
158.76393
255.11424
136.0385
215.35877
181.32484
181.29495
113.29066
158.58078
203.85596
209.48409
152.84157
158.47624
209.38051
175.398
282.85336
231.90154
237.51852
175.28239
243.09358
214.79149
259.9679
209.07016
220.33495
112.97366
242.85336
259.75382
220.18979
220.1535
180.60902
208.79479
220.04474
259.49719
276.3754
276.3299
219.89981
248.05124
264.9202
191.61284
231.02449
259.15555
259.11289
259.07022
287.18274
264.61502
236.42557
168.84761
247.60239
163.16562
236.26994
196.85921
196.82681
168.68092
275.46686
297.90491
264.13635
258.47388
286.52173
286.47458
247.11388
275.14972
224.57507
213.31122
224.50119
297.41513
308.58759
235.60994
302.87726
314.04327
213.06574
291.51569
269.04715
257.79446
308.18182
229.69777
280.07315
257.62494
263.18222
240.74414
296.68237
263.05243
190.26196
330.1062
268.51685
302.03177
268.42856
257.20175
240.38823
290.65427
268.25217
318.49707
301.68451
234.60495
301.58536
346.20779
307.06937
301.43674
279.06223
284.59671
284.54996
306.8172
267.72376
245.37314
239.7571
312.19052
423.61752
345.52597
211.7392
267.41614
250.66145
328.59103
350.81079
244.97049
228.23047
194.7989
272.67371
211.42651
339.33948
328.15973
339.22809
294.69077
250.16808
305.71082
316.77557
277.8277
305.5603
316.61963
261.02948
366.49188
294.2558
333.06513
288.60907
338.5051
410.57816
299.56192
332.79199
354.91989
293.86981
315.99683
338.11658
360.22907
426.6629
343.49039
404.36591
354.45444
354.3963
359.87473
370.88696
332.08313
304.35962
331.97424
320.8558
403.76956
287.56952
320.69803
359.34406
342.70276
392.38559
364.69302
414.35596
397.71652
364.51373
369.97601
386.47876
380.8952
380.83279
380.77039
342.08545
402.71201
308.87915
303.31375
374.94464
369.37024
474.03934
413.33868
402.2504
418.71265
330.50845
374.51489
286.34683
302.81726
456.9039
390.78149
308.17154
401.65784
396.09082
407.02667
483.95245
379.4006
351.85016
395.76663
428.677
439.59674
434.0307
450.43912
422.90408
389.88669
461.19888
444.65472
428.11594
417.07031
422.48892
411.44785
433.3208
444.21826
471.56195
400.21384
444.00021
411.04404
389.05801
339.68521
449.18759
377.91309
438.08841
520.1449
410.57355
399.55954
525.36218
426.78696
481.4245
415.7077
410.17078
437.44394
420.97092
453.69965
393.50641
519.12494
437.08637
475.25369
486.09958
387.72391
535.08069
442.18826
436.65775
491.15967
469.25363
501.91019
523.64679
436.30096
485.30548
419.80243
539.65778
501.41818
414.14731
517.59955
332.29907
522.87701
446.55115
479.14731
440.96124
478.99072
555.10309
593.1015
435.23273
543.95203
500.3541
478.52139
576.30664
521.85278
494.59216
499.94559
456.39749
586.70093
488.83759
526.77222
488.67795
526.60022
521.08624
499.29276
575.17816
520.83099
569.56592
498.96674
596.49323
498.8038
558.35223
504.06097
552.75079
520.15112
585.07452
579.5625
514.4809
628.10565
600.93408
552.11957
508.733
530.29468
503.15668
465.20874
594.93738
600.24793
529.86212
475.71692
551.3092
648.49323
561.93579
599.66052
669.78174
583.26312
599.36707
561.47754
593.77362
604.47089
539.6181
561.11127
593.38629
604.0766
603.97809
603.87958
609.172
619.85272
603.58417
603.48578
576.45044
721.79218
624.73309
586.93799
602.9939
586.74664
586.65094
575.79285
618.74188
640.159
580.88989
602.30615
586.07739
585.98187
650.38763
569.66821
752.26929
768.26416
644.5921
644.48706
622.90265
612.06317
671.01257
601.12927
638.59576
686.78101
659.84613
622.19251
675.71967
750.67731
696.94397
723.63159
707.43561
712.67889
675.05951
717.80347
680.19544
631.88971
679.97388
738.74896
674.40002
679.64172
663.47913
759.66687
695.35645
625.71887
737.90723
748.47961
678.86737
732.20227
662.61536
726.62109
742.52856
769.11298
736.94666
683.43341
774.07593
800.63782
768.48718
816.38477
730.89221
816.11902
757.3205
751.86487
869.03565
826.24915
762.15741
719.40216
719.2851
724.49518
766.98773
734.91034
814.6593
803.87933
750.52014
745.07611
750.276
787.39557
781.94812
696.72479
781.69373
770.93304
781.43945
839.77789
860.89807
860.758
764.99377
807.36212
780.67719
838.95874
817.5863
806.83704
806.70587
716.36566
806.44354
806.31238
822.09277
906.80646
843.03381
816.39056
890.46314
858.5213
752.40863
821.15759
815.72717
873.85138
826.05243
884.15601
852.25134
846.82019
926.05908
809.50861
872.85761
840.98065
803.82568
951.74414
877.57697
856.29132
824.44287
871.86517
924.55524
924.40503
1014.03955
902.98224
913.39502
865.73669
928.93231
944.61292
817.828
928.47968
923.05426
912.35681
954.39166
869.88428
975.16638
859.0611
901.07721
1016.84009
948.19428
942.77338
947.88629
926.67163
1026.54334
989.53235
1094.62402
952.37866
941.70221
973.10962
988.72925
993.82703
962.12073
1056.58398
1045.90088
1072.00574
998.27466
1034.88513
966.43634
1013.54315
976.62396
971.21564
1070.78821
1007.63715
1054.69898
1012.55646
1017.6377
975.51489
922.91809
954.22632
1100.85169
1126.87952
1021.8877
1084.59705
963.92987
1037.104
1084.06921
1094.36572
963.30438
1057.36914
1088.59949
1077.95728
1145.79785
1098.53198
1009.43945
1103.40503
1103.22607
1097.81934
1102.86816
1060.8811
1149.53699
1123.22888
1154.38757
1013.18945
1122.6825
1132.94226
1044.01709
1064.72473
1106.29919
1158.29529
1163.32422
1137.05627
1084.7218
1183.61499
1094.79675
1141.53149
1151.76965
1125.52905
1167.026
1213.71863
1213.52197
1135.21411
1114.20386
1072.37756
1072.20374
1212.5387
1191.52942
1196.53857
1149.53113
1159.74622
1185.55725
1258.15076
1174.77673
1117.41626
1158.80676
1101.46729
1153.23645
1121.88599
1277.49646
1183.82935
1199.21167
1297.63782
1255.90991
1141.55127
1354.07556
1270.86108
1286.21423
1203.03772
1176.91956
1135.2583
1202.45325
1238.53345
1305.68982
1232.95178
1186.13538
1185.94324
1304.84412
1087.19397
1263.01123
1330.0874
1303.99902
1189.96509
1225.98279
1370.60266
1261.78455
1359.81799
1282.0542
1297.35278
1116.26624
1343.43628
1312.22131
1275.8512
1234.32813
1249.61951
1228.76563
1249.21484
1259.33508
1336.53687
1387.91577
1367.0564
1428.72949
1258.31604
1314.83057
1345.54993
1298.94141
1401.80505
1401.57813
1334.375
1395.97327
1375.146
1405.82056
1384.99829
1446.54846
1430.87329
1415.20313
1296.63086
1399.31152
1368.22302
1337.14441
1352.35413
1382.98254
1310.79358
1459.62805
1433.69836
1423.19067
1387.0011
1443.27502
1473.85388
1340.11719
1437.44104
1391.01245
1426.71191
1395.69373
1426.25037
1390.11267
1420.66028
1364.02344
1435.58203
1409.71851
1558.12769
1445.13477
1460.27234
1485.65076
1439.31165
1505.6554
1403.00293
1428.37427
1484.44995
1494.4458
1611.89832
1514.42786
1503.95203
1473.02087
1462.55505
1441.86658
1441.63355
1431.17773
1466.71997
1573.7865
1522.44336
1511.9812
1460.66455
1440.00293
1332.55322
1526.31799
1485.23999
1536.03076
1566.39612
1494.72278
1581.19165
1494.23962
1544.98779
1488.65857
1503.70984
1345.47546
1452.26721
1528.4552
1487.45606
1517.7749
1563.36108
1552.92529
1547.58362
1588.05286
1526.72717
1587.5398
1541.49622
1531.07398
1566.42712
1627.19385
1545.58447
1641.91809
1585.74524
1656.63281
1580.15198
1534.17627
1721.86011
1548.91589
1568.97607
1558.56909
1664.91235
1705.24451
1573.03699
1724.98767
1714.56372
1628.06531
1693.72583
1536.27551
1561.37439
1687.83679
1535.53137
1560.61804
1702.21753
1752.5957
1726.99023
1691.26575
1675.80408
1786.89819
1568.97742
1685.11328
1674.72205
1497.39478
1719.70276
1663.79675
1719.14758
1648.09302
1668.04565
1713.26123
1798.88648
1737.96936
1672.02026
1727.30701
1610.88306
1651.01477
1721.42261
1751.42883
1655.26196
1685.26917
1811.11963
1740.21008
1623.93396
1684.1814
1764.57593
1754.20947
1854.72681
1814.11377
1783.5907
1743.0022
1672.2063
1747.47571
1737.12341
1631.12231
1721.4624
1816.80591
1741.03442
1655.22522
1695.2002
1765.33911
1820.36939
1850.24268
1749.40381
1869.75061
1713.6615
1818.90149
1738.22754
1722.8783
1762.77759
1852.87756
1802.37329
1686.62878
1806.81079
1846.66419
1801.21069
1785.87073
1730.41016
1855.50281
1769.96448
1864.93091
1784.43103
1774.11987
1879.06128
1843.68799
1843.39075
1873.14392
1812.75061
1747.37
1862.22595
1801.86353
1891.65161
1821.29675
1891.04163
1835.71521
1800.41126
1745.11731
1864.82471
1859.52527
1864.22339
1833.94019
1858.62598
1808.37134
1833.05335
1637.99609
1847.44165
1822.18237
1866.81189
1896.45508
1901.13916
1975.6687
1915.49109
1840.37061
1929.83362
1834.7915
1829.51074
1879.05823
1898.68921
1858.5221
1733.67676
1852.94202
1842.68298
1877.24194
1782.3457
1792.01404
1866.38049
1831.24622
1995.13977
1895.32605
1974.60156
1984.22937
1765.13269
1988.5614
1829.18176
1784.15881
1898.15833
1917.72534
1912.44885
1917.10742
1891.96948
1926.41968
1906.25256
1826.53101
1865.93762
1880.52246
1914.94653
2068.4043
1904.41077
2028.06909
1898.83948
1992.71668
1927.96509
1863.23413
1892.66174
1897.31067
1862.33398
1871.93848
1985.51965
2009.953
1925.48218
1944.96826
1919.91382
1964.13147
1948.97534
1839.85291
1968.12781
1854.09314
2002.09815
1917.75061
1917.44177
1951.72046
1995.86865
1951.09192
1896.45239
1945.52576
2009.39465
1920.2179
1924.84424
1988.68543
2013.03479
1884.44971
1977.86035
1962.74744
1962.4314
1986.76514
1917.43726
2005.83899
1941.45776
1985.48608
1930.98084
2053.79956
1876.19092
1979.28442
1964.19739
1993.41321
1938.95898
2046.89624
2017.04895
2011.80554
1898.36658
1971.81995
1897.75562
2000.67932
1798.84705
1975.46484
1906.36072
1881.49146
1964.68787
1974.19348
2022.97717
1944.10205
1983.05774
1968.01526
2070.74512
1928.13245
1962.15991
1971.65344
1986.04773
2039.6615
1897.16821
2039.00513
1965.16711
1852.15369
1959.63562
2022.99829
2042.26282
2037.0376
1963.27075
1869.94714
1923.48425
1996.57837
1991.36438
1927.44812
1946.70288
1980.62268
1985.19373
1935.98584
2023.65955
1984.23584
1944.82471
2003.14038
2002.81812
2065.98975
1904.50696
1987.20422
1933.18494
2006.08899
1927.68298
1976.16711
1902.66968
1946.2644
1960.58264
1896.87561
1989.20508
2081.50488
1920.3302
2061.34277
1992.7981
2162.98315
2065.21924
2016.18701
1937.95508
1952.24878
2107.7002
1937.02039
2038.89697
1912.0708
2082.02222
2052.50488
1950.05249
1954.60107
2061.23779
1939.39075
2036.27588
1987.35791
2030.76294
1991.57642
1971.82935
1981.22424
2058.58814
1995.15039
1985.12244
2023.62585
2125.19336
1935.65259
2017.79956
2041.72376
2051.09351
1982.88965
2142.53394
1962.86597
1981.93372
1986.46008
1947.38684
1942.23035
2072.6709
1990.02515
2086.52808
2047.46985
1998.745
2071.00562
1978.75049
1930.06006
1929.74988
1987.4679
2020.99292
1948.15613
1967.17651
2010.35352
1947.21704
2125.6521
1965.91223
1946.27844
1921.82227
1839.43872
1815.00745
1969.15967
1920.58728
2036.07434
2045.39526
1992.01062
1996.51306
2082.98315
2039.26001
1903.96765
2086.79883
1932.26758
1951.22852
1931.64673
2051.7439
1781.74475
2041.4552
2127.77881
1987.85413
2001.97205
1862.11231
2030.19421
2077.96924
2024.73254
2163.85571
1980.81201
2004.52893
1960.95068
2104.80005
1926.68774
2075.30029
1993.31311
2122.65747
2011.87927
2078.76807
1891.23108
1962.91699
2020.18408
1986.27527
1933.18933
1884.91663
2167.54565
2042.53577
2003.85645
1993.94824
2075.09839
2151.43091
1949.87024
1920.81665
1992.34766
2030.33594
1977.3446
1967.453
1981.49573
2072.10107
1933.01257
2018.81262
2004.13904
2018.16431
2084.78296
1993.61206
2021.97241
2188.92358
2054.77295
2054.44312
1958.573
2010.79712
2086.88184
1971.95386
1995.50696
2019.05237
1951.91455
1937.28626
2056.24707
1908.04358
1998.35474
1964.65393
1969.10632
1925.88672
1958.94153
2096.8269
2005.96008
1934.17835
1929.10461
1976.41943
1918.96191
1966.26318
1927.86621
1846.64697
2031.93726
2064.91626
1931.38574
2045.22803
1883.20996
1764.03723
1920.63782
1986.87561
1953.28906
1914.96143
1995.42114
2033.10278
1956.78479
1984.96301
1979.89648
1903.62366
1965.02173
1964.7063
1916.9419
2096.91187
1987.47742
1887.56348
1953.64648
2048.15503
2019.38428
1872.1333
1810.22827
1890.48474
1885.44397
1960.92603
1903.78198
1922.41663
1941.04517
1959.6676
2068.20606
1916.45093
1868.8313
1901.64465
1934.44739
2000.34216
1900.72937
1990.24548
1985.19946
1810.02234
1970.38696
1880.30737
1941.41296
1780.52368
2016.34387
1907.42908
1954.3291
1850.17896
1953.70203
1925.07861
1938.92249
1919.74414
1900.5719
1867.25989
1984.82398
1894.94348
1932.34375
1941.45837
1950.56995
2016.20776
1921.68408
1897.82959
1869.27417
1831.31226
1906.33032
2000.14917
1778.6709
1891.29895
1928.62732
1754.29895
1909.19873
1861.87549
1875.67969
1922.38074
1884.47693
1926.46277
1940.24756
1860.08435
1784.64307
1850.09631
1877.96912
1872.97376
1896.14038
1961.53357
1848.61304
1890.53699
1852.71057
1927.44788
1800.53845
1776.80884
1818.71045
1804.35889
1925.90283
1714.76245
1887.80994
1793.83435
1929.35046
1877.5376
1942.77588
1834.80969
1890.67407
1782.75073
1880.71094
1908.47522
1823.98523
1814.34045
1832.7511
1939.97376
1878.90222
1841.21582
1840.92053
1873.32678
1835.6593
1900.74695
1765.02979
1825.43909
1881.16113
1796.85095
1885.22437
1828.93433
1875.29004
1926.29504
1828.05469
1958.31592
1860.10193
1780.56384
1864.16589
1859.20728
1821.63782
1723.52417
1825.71118
1848.7019
1867.0293
1731.72949
1815.23181
1703.25208
1707.63196
1805.05444
1688.47864
1897.48999
1804.1864
1715.56201
1910.52295
1770.78479
1803.02979
1784.15576
1774.57874
1802.16284
1760.07788
1843.37439
1805.93872
1907.76819
1786.79565
1679.78272
1651.67627
1688.52185
1678.9751
1752.90283
1743.34876
1780.15588
1696.43909
1747.1449
1649.55933
1741.95203
1704.61585
1759.91907
1708.70007
1819.54334
1754.44373
1638.45264
1767.7644
1721.21191
1725.56226
1655.90418
1789.75476
1692.36499
1840.03638
1705.68994
1765.49902
1594.23962
1727.97119
1764.65027
1644.27954
1828.73694
1662.22168
1754.28613
1707.84692
1670.65271
1776.5144
1697.79883
1669.84961
1752.59998
1756.93042
1678.26819
1682.60913
1719.21265
1705.11194
1732.48474
1792.09717
1690.47376
1722.44104
1795.84045
1721.88904
1703.20007
1753.55469
1638.22949
1637.96692
1619.30335
1747.83142
1692.36548
1632.31921
1687.22583
1696.14868
1663.70581
1585.3219
1699.92786
1672.09351
1635.08215
1731.2561
1629.96668
1574.61694
1652.39429
1698.02197
1665.63037
1605.72241
1706.38001
1706.10657
1664.56311
1549.67542
1686.9502
1677.51318
1695.57495
1621.99292
1681.28821
1575.66882
1644.11182
1685.05908
1538.28577
1620.4342
1578.98377
1624.49109
1610.50488
1655.99255
1555.10291
1573.14612
1577.46643
1645.78821
1581.53198
1631.55042
1649.56677
1612.75281
1717.55786
1561.99646
1557.17969
1643.68005
1652.54675
1560.99573
1652.01733
1596.99841
1560.24561
1664.90772
1605.35242
1509.33667
1550.12769
1672.95801
1545.07336
1599.50989
1544.57837
1512.44202
1534.97388
1562.05249
1607.33582
1570.65735
1547.64624
1520.09131
1674.56274
1660.64539
1619.43848
1678.3064
1637.10986
1550.45837
1454.74255
1631.77783
1508.81189
1504.02637
1508.32861
1553.51123
1439.71985
1602.96436
1557.30505
1516.19995
1525.03467
1620.08984
1488.24744
1583.27795
1501.37842
1469.39172
1496.36304
1419.05029
1541.2135
1604.41821
1527.12524
1513.28821
1531.16614
1485.62732
1480.86072
1516.8468
1389.8429
1538.99316
1547.7981
1529.4502
1502.05957
1424.91858
1510.62402
1474.20532
1528.22571
1568.66687
1509.65649
1550.08752
1522.72839
1558.62659
1459.0022
1463.28479
1553.36218
1503.44995
1503.20911
1466.86096
1380.88489
1470.9032
1461.64502
1461.41101
1420.58862
1469.96106
1469.72559
1446.95203
1383.62354
1464.51343
1338.12561
1351.42554
1396.24939
1513.11182
1476.84876
1377.57117
1341.34143
1426.63464
1313.91357
1435.17566
1470.93201
1475.19397
1376.02759
1492.70581
1420.54065
1456.27051
1316.7251
1451.31091
1424.12341
1491.2721
1383.2478
1383.02625
1310.9707
1382.58325
1386.8501
1323.80335
1269.75037
1283.00513
1430.81506
1417.13208
1452.77612
1385.29614
1340.24988
1326.59009
1371.18774
1362.00757
1348.35071
1334.69824
1316.5719
1432.77393
1392.25427
1378.60327
1293.35242
1324.46716
1418.20569
1324.04309
1390.91699
1350.4491
1287.63928
1309.7843
1242.53149
1331.70898
1367.2406
1322.34778
1277.46924
1290.6626
1415.48279
1281.32019
1303.43408
1276.44678
1338.7157
1360.80969
1311.52124
1213.18591
1297.72266
1230.63269
1257.1842
1279.26978
1230.04163
1350.15552
1349.93933
1345.26856
1291.6073
1291.40051
1304.5509
1295.4386
1317.48608
1228.27002
1254.77051
1161.14429
1218.78381
1280.8523
1267.30713
1213.75244
1271.34656
1217.80835
1275.3833
1199.64575
1190.56885
1203.70337
1256.80261
1292.12366
1207.56482
1229.5658
1309.25562
1215.85962
1175.73438
1264.2666
1303.98193
1228.38489
1259.22546
1214.69202
1121.41553
1214.30298
1227.40173
1147.45898
1187.14197
1217.95435
1177.9054
1221.99182
1243.93018
1212.74841
1159.44959
1199.08606
1110.4148
1189.85547
1052.56604
1127.56873
1193.7052
1091.84436
1096.08923
1118.00867
1201.77734
1148.57385
1188.14185
1227.69727
1121.52942
1196.40076
1280.07629
1191.60425
1067.8595
1160.33911
1098.39612
1040.88342
1186.24072
1137.55066
1084.46765
1066.66321
1203.10913
1101.5719
1154.26245
1167.29224
1167.10535
1184.53235
1193.14819
1052.09131
1157.5553
1144.16809
1143.98486
1156.99939
1064.44495
1165.42456
1108.07532
1085.91577
1147.28186
1120.72815
1102.97144
1054.46521
1063.08215
1106.83386
1089.0907
1128.43347
1079.96179
1071.01001
1009.39697
1175.97864
1175.79028
1179.98865
1008.75061
1140.14417
1056.65674
1131.0116
1117.68127
1025.47266
1069.12512
972.57282
1134.48657
1112.40723
1024.65198
1033.24414
1006.81403
984.76904
1115.89282
1036.95789
1133.03418
1058.49561
1067.07263
1071.27429
1066.73084
952.91022
1027.0553
1026.89075
1096.6311
1087.71887
1052.60339
1008.76538
1095.92883
1078.29114
1065.02393
947.0213
973.05035
990.34558
1011.99725
959.4989
1029.11585
976.63153
941.60101
1050.41443
936.94159
1041.36365
993.2757
962.62622
940.69666
949.25482
1023.11542
948.95081
979.26489
979.10809
1100.77637
1087.54944
1000.38525
1004.57391
982.67249
995.55737
978.01105
990.89252
1038.53235
968.85205
942.6333
1007.63092
1055.23755
959.54791
963.73541
967.92151
1076.2605
1037.03662
950.10309
932.60028
923.77698
1010.35474
966.83704
1018.70099
927.51959
983.70667
927.22253
1022.38074
1000.55988
991.73816
1021.88959
978.4325
909.01733
960.80731
982.2898
938.8667
921.41284
955.86676
994.63416
946.91303
985.66937
929.32013
872.98883
916.05939
907.27197
902.80701
963.12787
967.29187
932.59638
854.7431
919.34912
945.09491
815.49921
966.36279
953.26776
922.9259
944.33832
875.20538
831.95856
974.0545
904.94995
909.11359
887.42847
930.35852
874.22467
981.73059
955.74243
929.76263
843.53839
933.76794
851.87299
868.94336
886.00824
804.16022
954.51856
868.38678
898.33551
790.75244
842.18835
803.38776
837.62311
863.25781
850.23718
910.20917
858.55035
789.73981
875.44086
931.07959
892.32044
857.86298
840.57111
870.45203
775.99304
917.32544
831.46094
857.03888
835.47907
848.19672
796.66327
847.92505
826.38043
907.5885
821.83533
821.70367
787.33984
855.66711
812.75354
859.66998
893.74255
855.11902
889.18134
730.89258
837.61401
700.74841
777.53528
781.68219
798.6402
772.89154
832.53986
883.63153
828.00507
823.60504
810.67304
759.35095
844.53601
763.37238
831.47357
814.28723
797.10638
767.14526
788.32855
741.33618
796.5957
715.54352
851.70111
804.72858
783.31397
783.18848
770.29572
770.1723
697.72388
701.86585
812.3327
816.45496
833.33087
794.93835
837.31421
735.1886
752.06671
781.6842
764.56854
794.1745
747.33862
832.13013
751.34406
687.56067
708.66809
687.34033
772.07349
797.39868
826.95654
767.46234
741.90271
767.21643
784.04584
682.22247
741.42737
677.76782
720.01294
762.24451
736.71826
812.80023
668.75971
770.22003
791.25311
727.66699
617.5719
723.20459
668.11707
718.74493
701.72083
650.88971
693.04419
688.70795
692.82214
667.36804
755.94769
781.16156
705.04364
700.70953
696.37677
654.06732
649.74335
687.60516
666.40619
636.77985
742.08801
691.38031
758.71045
602.65668
682.62054
669.87207
652.91528
758.10272
728.50415
707.33575
745.10931
601.88452
690.16254
690.05194
576.35346
698.24335
639.25287
655.97022
567.57556
638.94562
718.69861
714.38117
634.43689
659.54059
697.23688
697.12512
650.82575
650.72144
675.80237
692.48145
709.15521
658.69544
637.61566
637.51343
624.83081
645.69476
637.20697
595.19006
582.52222
607.56964
611.66174
645.07404
644.97064
598.80536
619.64325
644.66058
648.74268
652.82343
640.1665
644.24731
614.86481
652.40497
694.11456
643.83435
631.19092
660.34558
614.27368
593.28491
718.5116
568.03436
580.47144
693.11377
672.12909
567.67023
626.00647
642.59699
613.28967
592.33453
642.28796
633.84491
637.91266
646.14783
633.54016
591.76502
633.33704
566.5791
624.80328
612.20905
537.15851
587.03265
503.68481
611.81653
590.91168
624.10242
594.8822
590.6275
569.73938
573.80609
569.5567
590.24878
594.31018
610.8363
652.28516
564.94623
564.85565
597.98657
543.91443
601.94617
664.10999
618.35321
510.37082
572.51935
605.61176
584.77783
572.24396
613.61255
584.49658
571.96875
571.87701
567.64197
542.6947
563.31787
596.35858
579.70007
538.2066
517.42334
575.28247
620.70892
541.99884
512.95477
479.78397
516.92566
574.72919
520.89398
508.41019
537.25794
553.70013
549.47986
549.39179
528.65314
557.47443
573.90015
582.06433
441.63754
586.0044
557.02753
548.68726
453.7287
569.13196
478.32404
593.68634
544.12518
519.3089
552.19232
560.34412
527.2981
477.78723
531.24713
568.21973
539.31049
600.96716
547.36859
563.74036
485.47946
505.96945
522.33997
493.47037
550.95355
476.86835
534.33569
493.15381
530.0553
492.99561
484.70123
447.66068
529.71521
566.58118
529.54529
508.9386
484.23483
500.56928
521.00079
529.12061
590.55151
541.25201
467.36993
450.89865
430.3342
463.04724
450.68164
483.38092
430.05808
487.32095
560.94336
515.82129
540.29755
487.00824
462.379
433.66644
417.23471
474.42609
462.08228
453.83099
466.02191
490.47067
531.25794
494.3992
506.57575
506.49445
465.5734
465.49866
453.17596
424.52918
440.78647
436.63501
473.28537
477.28879
428.26737
485.29178
456.67188
497.36633
489.13428
468.67844
472.67804
476.67633
496.96732
468.37763
452.01367
439.72647
398.94702
455.86627
439.51477
435.37531
443.44196
488.11462
479.90234
390.36636
443.15732
455.28122
443.01505
512.02692
434.74674
446.86414
499.59515
479.20947
381.68185
507.47415
414.03244
478.90183
482.88278
454.40494
413.76663
446.14728
425.7995
413.56738
449.98636
466.12723
433.63135
482.18549
376.77353
453.67593
409.05277
449.48087
497.99344
384.56732
388.55298
465.37936
388.42822
473.32089
380.21384
432.72711
440.74469
477.05981
371.88522
424.36606
468.74817
391.9075
375.68604
444.28848
395.75708
407.80658
436.0004
383.45728
355.14548
403.50958
363.10031
415.48138
439.61359
395.18543
411.24939
455.52664
302.29215
398.96152
370.69257
386.74753
330.29379
362.45935
446.9614
442.86356
386.43701
418.57288
374.2406
333.94605
406.3028
426.3483
378.02173
406.10703
381.9205
353.72217
365.72211
345.57196
349.53409
393.6648
345.40546
385.50693
385.44501
361.29663
417.43127
361.18057
341.06018
341.00537
320.89468
336.88528
388.95978
396.91577
384.8262
344.68475
340.62204
368.61404
368.55481
392.52792
388.46008
376.38538
360.31107
348.24475
352.19095
392.14963
348.0769
332.01999
375.96222
347.90912
331.85996
331.80664
383.71466
351.68192
375.59985
403.50522
335.53455
351.4559
371.3653
399.25336
315.35944
387.15128
371.12662
335.15726
359.03934
370.94769
327.01959
346.90405
299.00714
350.77866
358.69324
370.59009
382.48312
386.40521
346.51392
354.42276
298.62286
282.65088
342.31079
374.09351
362.09616
342.14575
270.49036
306.2413
349.93381
306.14285
353.79654
337.84125
365.60468
353.62592
357.54175
353.51224
345.51257
341.48624
293.78976
373.13239
341.32156
373.01242
309.47116
273.71893
333.1695
364.84125
364.78256
360.75952
352.77402
364.60663
328.88568
384.29858
312.93512
376.25385
344.51392
245.47618
300.85788
348.30573
364.07925
312.58301
352.09384
352.0372
348.02576
288.65674
292.56387
328.0932
312.23126
308.22937
308.17981
296.27905
280.4324
323.82758
304.03308
355.30618
307.88251
311.77954
272.26999
323.51517
280.07172
331.29916
295.75525
299.65042
283.83368
240.43152
350.73709
323.09906
307.28867
330.87302
342.6348
271.70111
346.46161
259.80441
322.73535
334.48892
302.95886
385.52194
306.79462
298.88001
306.69592
298.78381
263.35916
298.68768
294.71014
278.94739
349.61017
247.43703
345.57071
263.06262
310.12842
294.37833
310.0286
302.13113
266.77417
305.95642
219.62567
274.48792
262.68185
274.39957
227.32304
274.31125
317.36621
297.72775
313.3472
281.96707
305.41516
223.15208
305.31686
273.95819
258.26187
269.95758
277.73773
332.44937
332.39587
269.78378
261.92181
230.61043
265.74551
300.86926
265.65994
257.8049
273.38541
269.43652
288.9144
226.40996
281.01538
277.06778
269.2197
327.69293
292.53586
323.68756
272.94556
307.98895
218.28613
265.01904
280.5632
261.03763
280.47287
268.7432
260.91153
256.97592
253.0416
311.38565
303.55212
303.50324
268.4404
299.51566
241.12962
287.75351
276.04337
233.23851
260.40772
291.45422
310.83444
248.62749
330.15521
225.24608
264.03906
221.29121
217.3739
271.67358
279.39069
236.66786
232.75057
302.52698
240.43143
279.16571
282.99741
255.81946
263.52908
251.86223
306.06015
282.7695
243.99464
247.82764
305.86295
321.29791
232.22612
270.88681
270.84317
197.2968
263.02002
266.84494
232.00169
255.16074
243.52327
262.80817
270.4942
193.17902
270.40701
235.60243
227.84103
274.13739
262.51181
239.31043
289.44177
200.64728
239.19473
277.72977
273.82825
192.80573
246.75154
239.00203
192.71249
238.92497
254.29849
231.14317
238.80945
246.47324
207.92827
242.54387
223.25836
246.31435
211.64226
226.99782
234.65483
246.15553
257.65253
226.85147
249.88081
230.62203
238.271
245.9175
222.8268
218.94965
168.98651
238.07895
218.84374
253.35715
234.12567
237.92542
188.00751
230.17615
218.63208
245.44205
226.23039
295.20221
214.6579
187.79536
233.74837
214.55405
195.36592
199.16449
210.62077
256.53302
199.06813
237.31218
199.00392
225.75649
187.46243
198.90764
183.57742
229.43477
233.22104
194.95664
202.56931
164.32216
225.42893
210.11171
244.45418
210.04392
236.73857
175.61641
229.02792
175.55974
171.71552
263.25464
217.43613
244.09941
213.55252
221.14371
224.92023
186.76801
201.98178
247.67352
217.15558
194.26575
224.70253
251.32158
175.13525
201.75371
159.85449
243.54849
216.87537
228.25301
216.80536
220.57335
155.89737
224.30391
209.06311
231.83257
186.19611
250.75426
205.12946
262.06757
193.67084
186.04585
231.57072
223.94208
197.34082
223.86977
254.18395
242.76338
242.72418
197.18155
219.89777
189.53642
204.66629
223.58077
181.86685
200.77889
227.26015
151.4823
193.10873
196.86339
249.82472
219.50748
211.90402
158.90236
189.13892
223.14787
204.20406
226.85675
162.55441
226.78348
192.73482
219.15321
238.00728
196.41872
139.73691
200.13133
203.87447
200.06668
196.26013
211.32292
222.60782
207.48224
192.36154
214.95758
165.90537
203.57823
173.39047
271.34995
188.40701
203.44669
199.6469
199.61464
165.69104
169.42937
124.22812
222.06894
210.74323
169.31987
203.15102
161.74226
206.84621
214.33324
191.74085
191.70987
199.19569
195.4057
172.83095
172.80302
180.28705
199.03478
183.98354
202.72459
157.6492
191.40022
213.88332
146.31757
198.80968
131.26819
172.49602
123.72714
202.42986
224.8857
224.84934
168.60974
191.06014
235.97731
187.2533
198.45641
149.7542
205.87874
209.58809
205.81216
179.58884
224.44975
157.08942
235.59602
209.38483
235.51984
164.46344
198.07166
227.93239
190.53561
190.50479
197.94356
175.50645
197.87953
235.17725
197.81552
201.51529
119.39715
175.3362
186.4977
186.46753
186.43736
193.8635
134.19148
193.80078
216.12744
175.10942
216.05751
130.35844
197.368
212.22934
201.02686
186.10585
182.35423
156.27834
119.04994
163.66718
171.07892
156.17722
141.28032
200.73428
167.2515
185.80493
211.78334
170.88521
167.14327
159.68883
163.37607
185.62459
174.45886
144.74031
200.37723
185.50444
152.08902
129.81107
159.45636
155.72286
189.06143
144.55299
189.00023
170.44319
166.71092
166.68393
166.65694
159.22418
199.92358
155.47095
166.54904
214.62845
192.39435
103.58019
136.85165
144.22568
144.20233
181.14795
136.76303
210.65489
214.31587
147.78012
132.98056
177.2787
184.63541
147.6844
132.89444
188.23663
110.7095
177.10651
162.32134
158.60652
180.70839
140.1185
195.39677
132.70084
176.90579
147.39761
132.63635
158.40109
147.32599
162.03233
150.96021
184.06799
180.35741
169.28769
206.05597
139.80104
205.9892
180.21133
147.08746
143.38704
102.92786
161.71756
213.13861
202.08145
157.96535
161.61276
157.91415
150.54491
165.20543
165.17867
146.80168
150.44733
132.07869
227.43198
154.04186
168.68515
161.32486
172.29636
175.93372
157.58174
157.55618
164.85765
164.83093
128.18105
190.40955
183.05641
150.08192
161.03742
175.6487
142.69142
201.19887
142.64516
201.13362
197.44463
201.06841
131.58707
171.76637
175.39253
171.71066
171.68282
175.30721
160.67221
156.9951
215.37695
153.29433
156.91873
222.56953
134.97929
153.19489
142.22932
153.14519
189.57758
156.74065
167.64883
156.68979
178.52452
174.8528
185.75095
152.94655
182.0497
200.22217
214.74893
160.12576
167.37705
134.60751
149.13548
149.11128
178.17725
141.79153
149.0387
214.43553
163.52597
156.2328
178.00383
156.1821
156.15674
134.34563
119.80232
181.48921
152.42619
148.77284
192.2849
166.86169
152.32726
163.18127
159.52913
148.62801
134.10594
195.69041
159.42555
159.39967
108.66396
181.07718
173.80588
141.19435
144.7912
155.62526
151.9814
101.30447
141.07976
122.97263
97.63888
159.08937
112.06749
173.49568
187.92313
158.98605
140.89658
173.383
111.95834
173.32668
126.36351
198.53899
151.58696
147.95371
227.30658
147.90564
144.27475
144.25131
165.86206
133.38911
194.64438
118.93002
172.96101
162.1246
180.10918
154.86873
180.05066
133.21584
165.59277
122.37478
147.54561
169.11015
179.87518
104.31065
118.67904
136.6385
172.56796
143.78326
136.5719
107.8024
154.49165
158.05879
129.29981
161.59848
172.3437
136.41658
139.98373
132.78349
132.76192
154.26579
147.06673
225.94383
204.39214
121.8983
121.87848
197.12431
129.00584
150.48235
132.54622
150.43341
182.63944
182.60974
96.66003
128.85907
128.83812
110.9259
132.37389
96.58145
143.06036
125.15746
121.56176
135.84105
157.26405
160.81207
171.50497
157.18732
171.44919
167.85002
185.67619
128.52414
174.90718
139.18919
171.28191
156.98286
142.68848
128.39874
142.64206
160.4462
99.81695
121.18657
138.9855
174.59441
110.43971
181.66158
174.50919
128.18996
113.92809
160.1853
142.36377
160.13316
120.96981
167.19576
181.39566
216.92812
202.67033
138.64661
174.16866
138.60147
135.0256
152.76726
117.2209
142.06281
166.89662
159.76862
177.49179
113.57625
124.2038
138.37599
195.11385
141.87787
106.39108
159.56062
106.35643
152.41939
155.93863
173.63065
198.40271
148.7778
120.41956
169.9764
109.75855
102.66062
194.66946
145.0936
159.22313
141.50862
176.85696
152.07222
109.61559
123.73938
116.64955
162.57591
183.75153
148.39052
162.49648
155.40608
123.59834
141.23222
151.7999
109.4193
141.16319
204.65328
162.28478
123.45742
162.23189
141.04822
144.55086
126.90202
130.40582
140.95628
158.54997
147.95586
123.27645
112.69152
112.67316
168.98218
151.35519
186.52367
175.93704
179.42653
123.11578
172.33398
140.65787
108.99207
137.09671
123.01544
144.08031
130.00249
137.00731
119.42279
133.45076
168.5419
165.00369
126.3652
136.87331
140.35999
122.79496
182.40846
98.20393
129.74831
105.18417
94.65031
143.7048
126.15925
171.68874
147.13777
168.13002
126.07694
154.06891
80.52288
136.51653
146.99381
118.97557
167.93811
132.92931
139.90276
160.86191
118.87853
111.86742
153.7926
160.75694
111.81267
139.74303
101.29716
171.12933
125.70715
150.1257
164.0641
129.13576
191.92723
160.49475
146.51477
139.51511
129.0304
174.33695
167.33614
135.93842
111.521
167.2542
132.38796
181.13289
184.58606
139.28749
156.67284
163.60936
180.98505
149.63628
160.04988
125.23597
139.12836
205.1808
173.85364
166.87224
111.22999
170.29311
187.6393
138.96936
163.26233
194.49356
149.31888
135.40662
131.9131
128.42073
135.34027
152.66664
152.64171
110.99401
128.31586
166.43662
124.80706
166.38223
121.30055
135.14139
148.97769
103.92094
128.14821
180.07076
128.10632
159.2413
89.99124
179.95306
148.78302
141.83969
124.52181
186.75218
114.10768
169.40492
145.18048
148.61287
165.8663
148.56427
169.2665
169.23883
158.85129
214.06891
131.18207
162.22498
131.13918
148.37006
141.446
175.91625
155.19484
110.34273
165.48702
134.43622
199.89809
110.27056
120.5887
124.0138
141.21484
144.63544
127.3961
137.70297
127.35442
130.77504
141.07629
151.37419
216.70485
178.83823
161.6158
147.83708
182.18797
178.72122
140.89175
130.56123
151.15143
161.43079
123.62888
140.77652
92.69132
144.16289
164.73062
168.135
120.07677
154.35915
164.6228
137.16321
161.1404
181.68176
140.52327
143.92709
130.19844
133.60283
202.08402
147.25746
164.35352
191.71437
150.60806
171.11749
136.87158
143.69164
171.03345
119.70381
153.8797
147.01653
188.0136
160.63985
146.94431
133.25324
129.81522
208.35346
160.50833
153.65303
143.386
180.90984
116.03635
129.66644
109.17491
170.55785
153.47691
115.94134
156.83611
146.58365
170.41818
126.08879
129.47537
132.86084
139.65134
153.25073
112.36546
146.3916
115.73253
149.74696
132.70851
166.709
102.05001
112.23661
136.02208
156.39975
156.37412
132.55632
135.93291
149.50169
139.28555
163.03929
207.16179
179.96352
125.61431
135.77699
166.29955
176.45221
152.674
125.51136
179.75707
200.07411
135.62122
169.49872
162.69209
145.72109
189.74518
155.83655
135.48782
125.30567
128.6712
101.56587
132.01396
172.60533
125.20293
131.94901
128.54462
125.14133
179.22708
158.91115
152.12401
152.09905
148.69467
135.15479
141.88924
128.35492
175.61475
175.58592
162.05272
162.02612
168.74951
158.59851
114.712
158.54645
128.16545
148.37773
178.6984
131.47347
161.78693
148.28033
165.10327
168.44505
138.10228
175.12535
171.72936
228.93488
161.57455
131.25777
171.61659
134.57915
161.46846
154.7152
137.87567
137.85303
158.00069
151.25241
120.98206
184.80335
144.45888
171.30681
157.84505
134.31415
134.29208
174.55103
157.74136
140.93721
161.04463
171.0818
171.0537
160.96527
194.46774
144.15067
174.29309
154.15701
150.78099
113.9047
137.3331
194.24416
164.07585
137.2654
170.71669
143.91396
153.92915
167.28679
167.25929
137.13008
147.1398
157.14621
133.71948
167.12187
167.09439
167.06693
157.01709
167.01199
153.62576
163.61794
170.2682
173.57825
143.51227
146.82561
146.80147
190.14334
160.09438
166.73755
210.05476
190.01828
149.98976
176.62555
176.5965
186.56183
133.23653
129.88425
126.53307
203.08545
166.4361
129.7988
173.03659
186.31644
163.00006
172.95119
189.54993
172.89427
176.19017
129.62804
142.8997
179.4259
182.71852
149.47237
146.12671
169.34627
172.63837
179.2488
159.30603
159.2798
152.61803
129.37224
162.51785
208.91711
179.04233
129.28706
162.41084
185.58183
185.55129
132.5148
145.74228
149.03006
188.74033
175.46649
145.6463
172.09911
178.68887
178.65944
205.09372
175.29317
171.95743
168.62277
161.98343
171.87247
194.97702
191.64075
142.05507
145.33473
161.82338
168.40067
128.75577
184.84961
168.31744
151.79071
174.86049
118.75359
178.10103
164.88118
145.07152
168.12337
171.39166
171.3634
154.86063
184.48438
158.10341
151.49078
148.17308
111.93454
181.04073
167.84645
141.49426
157.92105
141.44762
128.26854
151.26616
157.81693
144.64166
184.05902
167.59753
134.71306
174.11255
157.66084
147.78265
177.30994
170.71474
157.55685
167.37654
157.50488
124.67079
219.77803
163.9864
167.23854
186.88281
173.73956
154.04552
170.40521
157.27118
157.24522
183.42249
134.2693
186.63628
186.60548
166.93524
212.72549
193.05743
176.66747
173.36723
189.69132
176.58
166.74248
160.17711
218.98154
163.39208
176.43431
156.80461
173.10985
199.20674
192.64356
199.14096
179.52368
143.59523
179.4644
192.48456
146.78603
166.33002
182.60672
205.39864
176.0269
175.99782
198.77951
172.68155
140.07698
169.36745
159.56989
162.79952
211.6044
169.25555
162.71884
175.70731
185.43819
162.6382
169.11578
195.10135
188.56682
182.03442
149.50357
162.47702
181.9442
181.91412
136.41304
181.854
152.60223
155.82333
175.27228
129.80986
136.27782
204.38294
240.02916
194.58608
191.31134
175.06957
175.04062
184.73454
158.78064
191.15323
181.40358
158.70189
210.4881
142.46069
148.91155
174.78029
152.09843
190.9005
187.63385
197.30641
161.69981
190.77423
187.50974
197.1759
119.57871
235.88654
151.84703
187.35469
209.93173
190.52188
193.71901
161.40581
206.56525
219.43926
219.40294
151.62105
203.20309
180.59508
170.89206
174.08762
157.94225
132.1339
193.33466
170.75069
173.94359
154.59093
180.32623
183.51596
151.29512
154.48859
160.89897
167.30722
176.93027
144.73715
173.65582
163.98113
189.67224
147.85556
154.25851
173.51209
215.24786
138.12128
134.88681
189.45245
186.21056
192.5997
179.72994
170.07336
198.92079
160.39342
173.1962
182.78792
221.23293
176.31587
169.87624
227.53233
221.08633
198.62436
163.35748
128.10228
166.50537
153.6718
166.45018
134.41826
185.59444
188.76305
179.13522
166.31229
163.08693
137.48187
179.01648
182.183
239.67473
207.68366
169.31398
194.8385
194.80618
172.42279
191.5491
188.32538
153.18846
185.07202
181.85097
172.2513
175.41203
200.89319
200.85986
178.51248
207.16762
140.21329
175.23752
175.20845
162.43907
257.94867
187.85736
165.54173
219.6247
171.85167
222.73372
219.51538
165.40443
168.55731
209.86671
197.11481
143.04346
216.11867
209.72743
184.27533
209.65781
209.623
142.90105
209.55342
206.3441
209.48384
193.58171
193.54958
136.41393
199.82909
183.93909
228.30026
152.1749
167.99855
186.98619
155.26784
234.44717
164.7193
171.02625
183.66435
174.13554
212.09351
183.57285
246.83281
180.34786
183.48137
196.10268
183.42041
215.00888
199.16631
208.61575
211.74141
195.90726
176.91908
189.52466
198.96782
195.77707
198.90169
170.45883
186.21111
195.64694
170.37386
205.04555
227.08962
227.05187
211.24925
189.14699
179.65976
233.20372
151.24213
166.96875
261.43588
229.89935
233.0099
214.0816
201.45506
198.27435
207.68144
251.69321
229.63185
185.562
163.51897
154.05956
213.76137
191.72463
216.83275
207.37074
207.33624
226.14735
204.12685
163.27431
244.8707
178.9142
207.12933
207.09486
229.02136
241.53027
260.3075
206.95705
184.97627
225.69618
194.31714
200.55205
200.51866
238.07628
165.99924
222.33931
241.08841
178.43832
162.75874
215.93237
197.12282
193.96158
212.69664
234.55281
215.75266
215.71672
240.68727
181.26671
215.60896
203.07607
231.15578
256.10294
224.83341
215.42946
234.12344
212.23656
243.40726
209.04576
224.60877
286.95227
218.29688
177.72641
193.28423
208.83687
180.75403
236.81062
236.77116
193.12323
230.4635
224.19739
230.38669
208.55858
217.8607
224.04794
267.56821
223.97325
217.71547
195.91126
223.86125
217.6066
180.27254
254.82558
177.10532
208.14171
273.33456
201.86118
220.45775
232.83907
183.13619
242.07185
204.79587
201.65926
254.35848
201.592
238.76914
192.22359
235.58962
195.2588
192.1274
235.47171
229.23683
182.73941
204.38625
219.83336
229.08386
235.23605
263.04904
238.25172
216.55632
231.9859
185.55774
262.82959
222.59497
185.46484
207.06783
222.48351
240.98357
244.03235
225.46059
228.51094
237.73518
268.56503
265.43375
256.13165
234.49103
212.85762
225.15958
262.12833
209.66763
221.96394
231.17381
203.39899
234.17789
268.02728
197.13655
224.8213
240.1799
249.37592
212.39584
218.51572
246.17375
255.3626
224.55849
218.36971
221.40833
227.52052
202.8898
261.25378
248.91789
230.44099
239.61858
279.50827
211.89943
202.65253
245.59836
270.11304
236.30939
254.68051
227.02658
199.3819
257.61969
251.44382
251.40178
242.16365
223.73404
226.76097
235.91452
300.20462
266.46359
235.79616
238.81848
211.22717
241.79935
269.30106
253.95735
208.02664
192.69832
266.06268
220.15295
226.23045
238.41924
275.05307
253.61762
271.90588
204.65895
250.43619
268.71582
207.60928
241.15276
219.748
247.17513
283.74616
216.58714
240.95097
274.45517
228.67435
262.16934
249.93356
243.7968
258.99072
261.99377
197.9854
222.3156
219.23344
255.72952
206.98447
234.34021
240.38669
249.47351
270.72467
291.96869
255.42981
288.83057
218.86649
252.26215
270.45264
252.17763
276.43756
255.13039
245.97736
252.00864
251.9664
288.34695
260.98612
297.35294
239.6627
248.72212
291.13806
281.99271
281.94544
278.867
257.60568
290.8941
284.78604
275.65091
299.83368
336.12079
242.20859
263.35767
257.26032
257.21716
323.73673
263.18103
269.18604
250.99655
266.07217
293.23492
278.07306
271.98236
262.87216
229.59694
265.80447
250.65988
280.81274
265.67072
289.77396
295.76126
307.78149
256.44153
244.33269
304.61063
286.46686
268.32916
334.60153
253.16948
226.00623
319.36853
253.04199
262.03522
295.11655
280.01257
298.02783
322.05682
255.79657
273.80679
249.69394
303.7934
285.69827
264.60239
288.60867
282.54852
285.50641
261.41983
267.38455
267.33963
303.33447
252.23579
300.23026
264.15823
288.12421
258.0679
300.02853
299.97812
290.92987
299.87732
317.81653
266.80112
263.759
266.71143
344.56921
290.58777
266.57697
317.44278
293.43549
305.36112
290.3436
296.28024
272.29263
329.0896
290.14841
284.11816
302.01169
245.15637
316.85617
268.98358
292.84396
289.80701
262.87347
343.47006
298.61939
310.5119
298.51892
283.54526
295.4343
334.17246
292.35172
289.31986
322.0751
316.05756
283.21146
318.93189
250.33429
300.94653
306.85422
315.73856
309.7291
318.60996
297.71619
303.61939
321.42523
279.71191
336.19281
267.71912
333.10547
327.10205
309.20807
329.96457
315.04825
291.22195
344.65366
303.0065
317.80621
314.78305
293.94595
379.98734
320.5603
281.92685
335.28809
347.09821
335.17511
346.98126
311.34097
287.57129
314.20023
296.36536
346.68903
293.30283
305.10202
313.93558
343.49423
310.86908
284.17526
328.52228
361.01767
307.7009
325.39801
286.89349
310.50247
298.62344
325.17862
328.07947
348.71036
330.92349
339.73023
307.1825
330.7561
318.88962
336.54892
315.83035
315.7771
357.03348
315.67056
389.35968
333.25928
315.51083
303.6648
327.19522
359.5593
288.77759
353.54553
377.05161
309.24796
318.02994
329.75314
367.96597
300.20956
285.44522
364.83743
376.54282
341.18433
376.41571
396.93393
329.25256
349.77176
346.77396
337.9006
337.84357
331.91196
361.22369
387.58923
320.0007
387.45834
328.69699
352.11588
369.65924
340.2637
401.79529
366.53961
381.13681
366.4158
354.63055
360.43134
334.00186
354.45084
371.96405
377.75794
392.33341
383.48499
374.63956
389.20813
389.14237
345.19577
339.28763
356.77667
362.56418
339.1156
362.44162
379.91489
374.00678
409.00076
414.7735
362.13532
338.71448
379.52963
379.46545
344.37961
318.05957
367.60303
420.04669
361.64569
381.99655
376.10089
355.63217
373.05914
399.22232
407.89539
372.86984
334.94357
355.2713
363.94589
334.77356
387.10739
387.0419
372.42841
386.91089
410.11432
372.23935
392.52972
380.83475
415.64999
351.64432
380.64136
377.67175
438.60602
374.63971
377.47998
394.83527
426.69818
403.4082
377.22437
432.28394
394.50107
423.43677
400.16696
414.59552
434.81674
411.55679
365.12235
446.18503
402.65723
440.24121
379.35413
416.92932
405.27927
425.47113
413.82355
376.13947
364.50415
393.36639
367.27252
390.34164
390.27548
422.00415
413.26279
439.19785
381.34399
392.83328
415.87061
372.48758
430.16464
418.54562
392.50037
415.51816
421.2178
400.95441
449.91568
412.35278
409.39972
423.74335
446.72839
426.48123
394.71634
397.53003
394.58243
463.62766
414.60284
391.5029
402.94931
411.5141
448.8483
512.06055
440.0672
491.75635
431.29202
448.46756
445.51715
428.19861
462.60587
410.81622
410.74649
442.26727
476.64871
442.1171
427.69003
424.7475
459.10849
444.68585
496.24249
458.87466
455.92923
427.18189
432.84235
429.9028
429.82977
478.46252
438.27744
452.52335
432.40137
438.05411
432.25446
435.04312
409.21445
432.03415
483.45273
429.02716
431.81393
446.03659
468.83057
405.86966
471.52896
480.0206
488.50934
437.013
496.91071
405.45587
422.51596
508.07471
459.47257
462.24783
456.46344
447.82858
450.60434
476.1907
436.19632
438.9726
438.89795
484.41531
487.18195
481.40201
455.68768
541.03705
469.76804
444.06876
461.06986
469.52829
480.82895
577.46552
517.63959
551.67578
423.63763
514.53265
503.07611
491.62344
443.23819
474.41138
491.37244
511.16754
496.88382
482.60498
474.00769
496.63007
439.79746
470.92868
456.66632
476.44022
490.53644
547.15265
541.39044
487.45181
447.69925
481.61966
504.19821
495.61606
481.37357
492.61606
498.19342
512.25934
506.5127
517.74316
466.7381
466.65854
531.61731
486.29041
489.0343
497.42987
477.56433
500.08566
474.57666
482.9689
607.13806
494.0979
505.30542
533.44379
505.13312
541.72638
530.34998
533.08008
530.16907
513.16126
535.62647
496.07462
524.17127
507.176
521.17529
535.1698
473.12204
526.54004
509.55878
540.4342
500.94208
554.31879
554.22424
500.68567
528.72382
534.25739
503.24078
531.2641
562.08826
539.51263
542.23004
502.81143
564.51312
499.83173
550.28253
508.08234
550.09467
564.03137
552.71246
580.6698
574.96124
521.58307
557.94251
583.07648
526.92139
543.6452
579.97595
565.87018
551.76923
501.2681
585.1795
573.88184
601.77325
565.29034
537.21387
559.50214
545.42139
562.10748
545.23499
592.66699
564.6145
517.00903
609.12811
567.11865
603.3335
619.98676
524.94403
566.73096
594.54706
588.86377
583.18237
608.19147
585.77234
577.30542
579.99512
655.1709
602.09662
557.40155
640.9021
576.71326
554.32996
593.22656
587.55579
609.72846
623.54254
592.82068
637.24274
595.40002
628.67938
648.04083
586.75201
597.77295
608.79004
592.00952
583.57147
564.02252
622.26312
638.82153
619.27307
555.30676
652.37378
499.60498
627.17438
649.26404
593.66974
640.72064
651.70374
615.54663
612.66895
629.1947
623.54431
626.20831
642.72321
656.46252
592.65363
623.01038
639.5144
633.86884
592.24756
661.32202
603.11084
661.0954
630.5603
638.74768
663.5202
630.23615
657.76532
652.12604
616.09821
654.6648
723.59821
709.66736
676.41516
703.9032
706.54248
689.86456
629.04858
719.97156
661.92932
636.99768
675.48773
645.04901
655.96295
694.42987
669.51398
661.13489
672.03851
749.02911
721.36749
732.25507
682.58685
663.20648
718.12109
734.50354
690.36981
712.2514
695.63196
747.74469
711.88471
722.75494
678.66852
706.0238
736.11627
757.95978
716.64319
757.69946
768.54865
765.6723
743.58984
718.77148
724.13391
702.06989
718.40118
762.14209
789.42163
759.13971
802.85101
736.96179
808.05347
728.49249
722.89087
711.81567
821.18463
755.36005
785.32996
735.94934
812.41406
784.92511
809.40033
754.58142
825.52325
740.65674
819.77423
890.66821
865.9303
778.38391
819.21063
759.00464
840.76697
802.41229
783.17255
818.50647
823.82141
790.95075
828.99194
837.02881
864.1449
798.58325
812.07123
795.58392
789.99872
877.02008
819.68207
865.82739
841.17804
846.47687
824.56061
797.21014
843.31946
867.65356
853.90698
842.88409
853.61304
831.72168
888.64764
910.23151
896.49158
863.7431
923.33991
830.86279
841.5788
917.43433
857.57196
898.12476
870.84106
840.85431
897.66071
935.4671
878.37427
889.06519
899.75238
899.59735
904.86066
945.33521
964.12994
942.3017
879.87146
879.71979
928.28272
955.1817
917.14099
922.39282
924.93835
865.29016
943.54443
965.00653
916.19275
1016.01495
961.80573
985.95099
923.66327
1001.81281
958.44263
966.37543
1006.69232
966.04205
1030.62683
1035.84412
1027.57422
1040.87988
1038.00415
1000.086
986.4375
1029.38281
1031.89941
1015.55859
1009.9967
1025.97961
1060.80359
1090.23181
1052.36304
1027.9624
1057.38086
1027.60754
1051.6366
1056.83325
1053.96216
1102.16797
1069.72473
1080.28919
1069.35523
1087.9751
1077.0437
1146.67883
1170.64551
1130.17566
1089.71985
1092.21521
1054.46301
1094.52051
1126.5177
1137.04993
1139.53467
1139.33777
1120.37854
1122.86487
1203.05298
1165.33984
1159.78149
1197.07324
1145.9928
1210.04492
1132.2135
1156.10327
1214.76892
1198.50745
1190.27588
1171.34985
1203.23352
1213.71899
1127.97546
1213.29932
1255.84155
1162.12036
1242.05176
1225.81323
1166.85779
1265.43457
1190.47717
1206.28381
1168.71875
1245.88416
1229.66419
1290.79065
1213.23999
1226.35999
1260.79981
1268.57678
1252.36951
1310.76416
1230.62647
1299.65747
1299.4325
1336.47998
1320.27747
1362.6311
1314.49841
1346.19641
1298.08325
1218.07202
1281.6792
1331.97107
1350.34753
1310.24817
1339.25085
1389.4978
1336.13062
1304.02881
1354.25562
1295.61218
1414.83948
1342.93567
1377.19934
1406.14478
1363.45886
1392.39661
1352.3794
1399.8678
1447.33972
1415.28467
1340.84253
1425.39172
1483.422
1443.43713
1445.83496
1374.09937
1506.21765
1508.60315
1468.64832
1447.22766
1446.97669
1446.72571
1486.1405
1477.95093
1485.625
1532.94141
1540.60303
1508.63074
1484.59436
1484.33679
1602.91126
1470.62061
1517.88171
1470.11023
1575.41028
1490.7074
1474.62085
1574.59009
1479.38318
1595.13623
1552.68127
1586.67554
1544.23657
1636.18506
1588.48364
1474.95252
1506.297
1627.15027
1618.97022
1547.62476
1621.03955
1599.70923
1625.73779
1583.37244
1633.06226
1595.96875
1619.35083
1629.58301
1697.62537
1678.93823
1612.9718
1659.96912
1654.42859
1664.64356
1703.73169
1661.44031
1666.40002
1666.11047
1736.651
1736.34912
1628.52771
1664.95227
1630.58313
1664.37341
1732.21973
1721.43799
1692.32202
1728.69702
1759.82178
1704.53088
1738.26672
1777.22571
1790.00134
1692.87927
1799.8429
1778.60498
1767.83508
1783.21558
1761.99146
1756.4574
1771.83167
1779.36194
1818.23853
1877.99707
1822.82874
1791.17883
1916.17566
1832.31763
1931.16675
1816.02441
1852.23108
1831.04211
1778.56592
1906.01953
1877.01111
1759.39148
1855.50903
1878.63635
1914.78113
1862.35388
1934.94812
1879.93164
1892.62085
1936.54004
1873.74463
1902.0398
1951.13733
1961.20154
2002.4696
1968.3186
2001.77185
2019.6178
1995.87659
1977.34033
1979.59363
2041.58716
2002.27649
2022.69971
2071.67261
2055.73779
1925.62048
2034.26318
2075.41675
2025.77246
2048.75952
2149.52588
2084.33936
2141.00024
2208.00732
2150.61792
2111.38281
2061.80078
2193.51831
2084.38525
2231.58569
2145.77954
2150.58081
2152.79321
2139.48242
2247.74561
2255.11182
2254.71826
2192.27905
2300.45752
2183.76099
2240.2251
2265.66846
2149.03882
2125.4209
2308.37744
2204.70923
2224.97363
2273.6189
2404.81592
2293.46362
2370.44434
2341.66211
2253.58496
2307.32983
2250.22022
2370.9519
2231.39746
2339.20898
2325.92139
2338.3916
2368.88159
2350.44678
2357.75781
2367.63989
2333.77637
2382.24829
2325.24414
2358.27002
2491.56397
2329.1665
2369.8855
2395.17041
2369.05689
2427.73023
2550.59766
2524.47022
2434.16016
2444.00342
2538.54688
2530.40381
2442.72119
2449.99023
2536.77124
2508.11768
2541.01196
2535.44019
2483.73291
2529.42773
2467.48999
2438.87793
2556.27564
2553.26733
2445.2793
2493.49243
2567.28467
2433.75903
2568.94458
2542.91235
2460.61719
2557.36646
2531.34937
2663.84277
2591.80762
2614.354
2629.22705
2582.78247
2643.63159
2630.39966
2650.36572
2644.79565
2603.49341
2666.83716
2656.16382
2678.65845
2604.22022
2756.77661
2669.60156
2722.66943
2602.39551
2622.3269
2670.27881
2705.47632
2628.5896
2699.43481
2620.02954
2647.57349
2723.46826
2743.34985
2686.89185
2666.06909
2632.53589
2606.6438
2705.34888
2615.89844
2724.73389
2640.3938
2665.33911
2692.81592
2611.06519
2709.64771
2612.68823
2716.31299
2672.68774
2689.98267
2656.52612
2722.01758
2736.7583
2693.16699
2700.30103
2611.10034
2681.61084
2617.78638
2635.06274
2644.7334
2672.13013
2669.12866
2701.5752
2640.34522
2586.72949
2763.41748
2664.2561
2671.37744
2675.9668
2710.90039
2619.40259
2763.03491
2714.5271
2734.2666
2627.66895
2692.88745
2639.37427
2661.63818
2653.59595
2663.2273
2677.90283
2652.19727
2714.80762
2628.56152
2610.44434
2673.02881
2743.15479
2626.71411
2618.69116
2726.58862
2574.93872
2594.63843
2596.70093
2568.54419
2555.50391
2615.46973
2549.57153
2556.67236
2611.57398
2573.38159
2615.6853
2479.43481
2551.9104
2659.55273
2583.68555
2568.15356
2512.42847
2549.66602
2549.21729
2531.19116
2568.40552
2505.198
2547.42334
2501.80689
2493.83984
2548.58667
2508.00977
2497.53809
2431.91309
2471.5918
2478.67529
2483.25049
2420.1792
2444.802
2441.86694
2428.91675
2383.42432
2345.45703
2482.69312
2479.75366
2359.22876
2383.8269
2295.87378
2392.98901
2367.56665
2349.6521
2431.71118
2323.83643
2345.91162
2357.98755
2337.59253
2344.67139
2336.76856
2341.34888
2296.01392
2258.18066
2335.12109
2264.86743
2244.51685
2201.73218
2208.823
2250.80737
2302.74561
2197.6875
2169.896
2057.42578
2231.39014
2186.17749
2078.74268
2108.24487
2095.42969
2092.57178
2007.61877
2044.57422
2153.63599
2118.4458
2093.21191
2132.61133
2052.71118
2114.46582
2069.37622
2111.2356
1984.21094
2038.48511
2043.09009
2129.60107
2024.99731
1987.42212
1984.59033
2046.24731
2001.24841
1914.11511
1953.44067
1940.70288
1925.49133
1937.53955
1917.3794
1842.73669
1842.41101
1906.45947
1888.79419
1796.88367
1774.29456
1887.79285
1773.66736
1788.1936
1760.67615
1837.00989
1863.87695
1779.51477
1759.43127
1739.35474
1699.52344
1756.02832
1711.26917
1775.15869
1762.5022
1781.93494
1722.39685
1657.94556
1699.58691
1709.15137
1669.39514
1683.89233
1602.24939
1634.00525
1611.53894
1638.35437
1613.43189
1578.66675
1603.01123
1605.18945
1555.67505
1543.09424
1587.11267
1490.88367
1554.57373
1578.89172
1524.51648
1457.86804
1469.90002
1474.55481
1447.26502
1451.92212
1451.66492
1444.04016
1453.60608
1441.07361
1394.18201
1406.20557
1420.67847
1449.8656
1422.62781
1334.09033
1385.34448
1392.45349
1316.22363
1345.39795
1271.65344
1359.61963
1349.58118
1359.13757
1273.20044
1299.90295
1275.19653
1309.23071
1316.33862
1301.42749
1210.69995
1234.93945
1266.50525
1241.83508
1273.38831
1158.30908
1172.76306
1184.76917
1101.5177
1191.67456
1127.98352
1152.19434
1156.87109
1149.34509
1119.86365
1139.17981
1131.66077
1138.77539
1150.76355
1050.61658
1145.48059
1094.10523
1086.60193
1047.43469
1095.95801
1059.23792
1153.99902
1039.38831
1012.43268
1070.6521
1009.6402
997.29865
999.55347
1062.5968
1050.25232
1003.8822
996.41303
984.08673
1003.34717
908.4386
954.41956
990.67169
946.79724
934.49268
917.33881
994.82025
936.42035
882.89221
979.73914
921.37293
889.69403
981.64038
969.34894
1027.32715
876.94873
995.47467
949.28626
874.05963
837.59235
943.93903
902.63232
854.08185
878.12048
865.87103
897.15363
853.47406
884.74762
855.58716
838.51953
790.04919
826.14288
900.86676
806.53064
854.67371
774.86273
801.27301
735.97815
870.95343
827.37903
829.64343
790.91443
730.50122
759.29663
809.77216
797.57983
746.84503
756.34699
744.17059
734.40643
770.38751
779.87836
762.89313
729.07074
702.4776
716.78424
786.39825
728.55103
733.22925
694.64087
711.33923
711.2124
653.42999
670.12671
672.40863
693.89801
664.96704
705.65137
643.13208
703.00037
671.68933
700.35107
693.03204
659.34186
623.26654
733.40588
678.15961
646.89191
656.35834
639.47589
627.38873
617.69995
634.34601
674.91943
655.6557
645.96875
614.75678
624.2135
659.96997
604.86444
576.07233
547.29047
618.87732
587.70898
628.21082
608.99292
577.84296
615.93744
596.73193
582.30634
651.39844
632.19684
577.22376
591.42938
588.93933
550.69098
550.59253
562.40961
559.92639
557.44403
581.16254
590.58417
557.14508
571.32874
561.70612
585.40253
556.7467
582.81427
518.49304
582.60584
513.55243
563.38037
530.00568
596.44672
558.32636
515.46863
574.75159
474.91632
588.79083
557.82697
515.00757
529.15271
495.8436
545.56751
519.38214
547.74341
547.64533
533.32526
519.01032
537.87329
585.1582
551.89246
478.37903
523.28131
468.73822
527.82776
537.19928
563.13007
529.90985
546.37158
522.62549
517.80304
522.43823
503.43619
503.34598
515.06928
503.16556
498.35165
486.45517
472.2019
528.77136
507.43506
535.66095
443.55158
509.52106
471.69415
457.4613
495.10126
480.86923
570.34064
523.11115
497.10205
438.12512
494.56863
506.25324
466.14026
496.65631
470.67981
447.06555
472.86343
472.77856
479.74884
503.17563
477.22577
448.93478
474.70444
484.01761
448.69302
479.1463
472.01526
450.79929
528.18555
495.23172
502.18271
462.20667
511.38556
457.34988
473.68247
468.90826
482.88876
471.0835
510.8346
477.94278
498.93884
459.03491
456.61081
433.11704
486.8765
454.02432
463.30237
470.23755
491.20462
432.65009
455.95459
437.17014
500.20099
486.08923
457.96326
474.23377
436.77716
513.76306
450.62924
506.57492
499.48169
473.72217
466.63736
480.55002
473.46649
443.06625
501.2742
440.57568
447.4884
445.07761
477.61511
454.23505
465.79822
463.3858
481.92758
416.66428
423.5712
423.49493
516.47772
441.95087
460.47638
458.06821
439.3873
471.84952
453.17279
483.29724
462.30203
445.95978
499.29208
450.44284
457.32602
475.81186
424.67258
477.96057
436.11841
396.61066
445.23697
438.20111
468.25751
435.72543
481.99228
423.98407
451.70483
490.99567
460.80432
437.5694
462.95288
467.49808
478.98337
465.0159
467.24512
409.34387
441.64166
480.86331
453.03943
434.4696
404.35352
432.00263
424.99536
484.96152
450.24011
443.23334
466.23422
452.30399
449.91507
452.14069
463.59116
424.30533
470.34052
461.03485
472.47537
472.39005
410.09872
412.32816
453.70935
442.11398
448.94089
474.18008
439.57297
439.49353
476.22366
499.1394
427.75647
482.86356
436.79758
455.10678
436.63968
480.2168
445.6709
463.96518
445.50974
450.02124
456.82669
454.44888
463.54581
484.11127
456.49628
497.69736
449.45178
456.2486
458.45834
472.12665
472.04123
426.13486
469.57977
455.75348
439.64237
487.63998
421.17145
425.6723
425.59525
443.82007
409.42996
413.92963
452.72501
464.0734
470.84634
457.04959
461.5365
470.59058
465.93732
513.80841
484.03397
490.79459
515.81152
424.44055
499.65396
424.28674
488.06943
440.09497
478.77304
499.20139
510.50613
446.61191
444.25272
444.17218
453.20123
482.71982
500.84482
450.67862
452.87262
450.51517
443.6087
436.70474
502.57419
457.00946
452.38001
422.75085
499.93716
497.57443
490.66931
445.15616
485.94965
485.86148
481.23337
447.10266
471.98212
469.62772
476.34741
464.92139
514.72192
491.95764
498.66834
475.91516
478.09457
450.82248
480.18597
500.48032
466.42633
522.93646
452.67661
463.90924
488.7131
409.4491
468.1799
477.14014
506.44534
431.75662
481.40024
474.53369
476.70673
472.10236
447.17355
467.41464
503.45175
483.04526
491.98465
514.45923
485.03778
521.03888
489.37174
482.51843
504.97418
511.64414
473.24106
443.86444
515.87036
472.98285
472.89679
459.30185
506.49075
497.39594
477.05316
539.96185
452.13577
506.03
505.9379
478.86734
481.02795
451.72437
519.05139
512.21716
532.33936
482.83591
471.5213
493.88471
482.57214
473.50781
507.07712
468.84872
520.34967
497.83011
493.25525
506.61536
499.79926
492.98566
508.57886
519.68628
501.67462
501.58319
497.01416
532.73785
510.26086
516.88055
476.51727
498.798
494.23431
518.73962
467.2276
514.08014
498.34332
478.14359
484.75809
531.57318
495.74667
526.91382
482.17212
513.33032
479.76471
486.37033
475.12833
486.19281
530.70075
508.3096
497.07172
450.18008
512.48767
550.26672
545.71149
516.66101
483.16794
534.28168
525.28107
563.01624
478.36514
489.40051
491.53525
533.69641
535.82221
489.04297
526.73639
497.75269
517.6571
497.5708
515.24701
501.8299
477.31729
514.96448
548.15942
539.18372
536.8667
525.67828
514.4939
521.05158
556.42566
505.34601
531.84589
507.37677
518.36005
509.40598
491.59757
538.00159
464.85458
548.87067
544.34467
544.24506
568.47717
559.52686
504.14536
521.73914
541.53687
561.32727
547.96722
510.31152
583.10638
536.62463
529.90259
498.90024
507.63736
560.50555
562.60919
502.94666
551.37561
575.53064
546.76422
489.35248
533.34058
531.03937
561.78516
519.83136
530.74744
502.02588
526.14996
563.47156
565.56897
556.66425
541.16327
547.66235
576.14954
578.24249
562.74884
589.01965
573.5296
582.21252
577.71246
560.03674
568.71729
537.87708
572.89862
599.12885
605.60156
555.0329
614.15295
550.44324
592.00159
565.58655
530.41406
596.05841
556.51117
506.02554
567.25781
564.96387
551.72382
588.83514
549.33264
579.86621
536.00427
566.52899
614.53827
568.50745
625.24335
594.52777
570.37952
554.98004
600.75378
572.24933
576.51166
580.77246
571.9339
576.19385
589.18085
586.89081
538.79321
604.12262
586.56714
630.06226
658.28308
570.98822
555.63062
603.45636
601.16724
559.67957
587.88208
579.06616
544.13495
585.38153
609.20691
589.51679
554.60931
608.87067
630.5
656.46881
610.70789
558.44495
590.93024
573.44434
573.33875
623.17401
612.20453
640.30884
594.61798
648.75195
581.38294
607.30316
568.15759
626.59271
613.47083
589.51703
604.57703
641.29688
606.52039
615.07159
634.44641
610.51502
584.42792
616.78247
627.48749
631.69855
614.27844
618.49036
618.37628
579.35065
592.21198
600.74658
620.08087
609.16571
656.56812
649.96893
615.30554
623.82629
593.49683
666.75159
642.89746
657.87769
636.19049
638.22925
676.91553
622.90601
633.56598
661.45868
624.71533
620.29242
637.40503
613.60437
604.88068
665.03064
589.59467
651.87659
643.15216
634.43091
636.46393
651.39514
679.21729
657.6015
627.39923
683.13733
670.12408
635.64124
635.5238
648.28619
648.16638
652.33826
662.94495
583.45532
621.95129
632.55762
636.72839
670.90619
632.20685
674.94348
610.55017
685.40326
646.72968
693.71411
633.64624
620.6872
641.97144
620.45758
639.59479
656.58618
628.6665
637.10181
673.32196
666.78589
698.71356
647.31201
700.59082
713.27448
670.43927
657.50653
697.93774
650.86115
744.61792
671.9519
667.56189
718.6156
690.76654
703.42816
709.69147
692.51349
690.25476
696.51691
679.35083
636.64032
708.90277
710.89984
663.95105
695.74274
665.83215
684.85053
727.25293
724.992
686.59534
650.33807
692.71539
690.4624
737.0647
696.57745
726.17468
664.47516
702.55743
725.77063
710.78375
706.40918
670.22186
710.38812
678.4538
710.12451
693.03766
701.38495
754.2196
747.72498
745.46838
732.62549
757.89368
713.30377
692.00897
776.5141
736.17639
710.65894
757.04956
754.79468
754.65442
729.15241
693.09436
745.78308
751.98145
768.737
749.59045
738.89551
679.65753
732.2898
753.25324
744.67493
765.62817
759.15949
780.10223
727.25732
727.12213
771.23828
830.08569
764.63214
764.48993
779.08722
711.57428
761.9585
749.18994
770.09131
799.39954
807.66394
740.22089
782.1333
723.12842
758.72315
762.78461
779.45013
806.61224
751.85785
787.414
829.25494
759.83392
793.26996
799.41687
761.50726
776.04742
775.90283
763.17847
792.38385
796.42792
771.13385
823.36725
852.53949
783.26868
737.05664
810.19251
770.27203
763.85022
807.64722
845.15192
786.43036
809.28674
802.86346
811.07538
867.35437
817.04175
825.24628
820.91467
837.46918
824.78455
803.75397
834.91327
845.19196
840.86127
817.75708
803.0044
857.0733
863.16815
863.00702
810.74176
839.76331
818.77264
883.19281
874.69745
866.20526
847.30701
851.31165
888.61169
819.78369
825.8714
858.99542
829.72186
889.86121
870.98645
879.13702
858.1933
941.13538
878.64429
859.78906
876.2395
849.08765
871.76074
875.74823
885.95874
908.61218
904.29413
899.97766
870.78326
930.73474
858.02252
913.80957
907.4234
909.32507
907.08398
913.12604
898.46381
941.76166
898.12763
960.03052
899.86017
955.53473
945.01654
969.64948
998.40729
901.08508
954.64075
964.79169
888.18579
908.67108
962.18506
943.42542
951.5047
974.02631
899.56763
953.03302
989.9787
991.85529
985.48444
981.17719
952.14056
960.20429
992.98651
980.44196
967.90198
973.89752
977.83215
1004.40552
963.06079
971.10999
1014.12598
1022.16248
978.78894
1011.4997
1025.69849
990.56909
1035.58752
1060.04541
965.36414
950.80798
1032.75745
1063.35584
1056.99902
1058.85266
1017.62085
1052.30151
1056.20569
1010.89648
1049.65894
1008.46729
1012.37665
1042.92102
1026.33655
1075.30042
1056.66821
1044.1853
1052.17737
1103.146
1074.29102
1112.96106
1067.75098
1088.00159
1095.97607
1099.85877
1101.69605
1052.44312
1103.32532
1076.5614
1104.953
1106.78735
1139.24585
1149.23804
1149.02197
1118.19836
1142.4696
1144.29443
1129.80383
1178.52673
1184.42078
1212.73291
1224.73169
1157.26587
1116.30701
1169.05054
1152.54016
1233.75964
1160.24866
1160.03027
1174.0553
1169.7655
1218.36121
1207.96375
1215.86926
1215.64038
1197.11939
1225.34302
1249.49268
1155.81702
1240.89844
1208.1759
1183.58643
1217.86975
1266.34595
1268.13648
1176.60889
1206.81104
1230.91809
1224.60364
1273.02356
1291.02417
1288.75452
1306.74524
1284.21753
1286.00061
1301.95679
1234.90491
1299.44177
1252.65234
1294.90527
1310.84436
1302.50696
1356.85925
1299.9939
1336.13355
1230.78955
1289.15527
1416.18713
1393.70142
1316.69836
1332.60266
1358.59448
1368.42969
1372.2074
1349.75513
1452.37695
1365.38001
1346.97437
1380.99292
1388.7948
1382.48669
1428.56848
1398.08081
1426.01477
1381.44263
1469.77063
1433.25891
1449.08911
1458.87659
1422.38745
1460.33679
1462.07202
1465.81714
1537.91248
1475.31299
1533.31201
1496.85657
1522.68823
1482.23157
1498.01587
1525.84021
1517.52246
1505.19397
1520.96167
1512.64929
1522.39221
1504.05554
1579.96216
1549.59351
1551.30457
1508.92944
1532.68604
1528.38977
1566.15283
1573.86597
1605.59998
1567.26538
1574.97363
1564.67127
1552.37219
1660.08374
1547.78491
1613.47022
1585.1792
1670.81824
1614.552
1570.29395
1685.84863
1641.59375
1641.28272
1656.94238
1618.70557
1664.29675
1576.19348
1689.59851
1773.04419
1655.05933
1668.70142
1783.99597
1672.05469
1673.73023
1713.2561
1706.95593
1746.46033
1728.20984
1686.07849
1775.32092
1776.97412
1818.41687
1818.07202
1764.03052
1795.51001
1848.84558
1864.39575
1796.47546
1827.92456
1831.55066
1837.16138
1812.98377
1862.2738
1826.19055
1853.62842
1879.07153
1844.98926
1896.20947
1923.61279
1859.80017
1932.79407
1952.2467
1926.11511
1975.27991
1984.80884
1986.41223
1980.0946
1997.53589
1973.40418
1937.40784
2032.01196
2067.23364
2064.86279
1993.28174
1905.91101
1990.54724
2049.45874
2003.62219
2058.55762
2058.16602
2036.05151
2053.43433
2096.47363
2048.70606
1989.11633
2115.00708
2130.38525
2055.03638
2050.70166
2071.99731
2132.70654
2073.17944
2183.12329
2131.48901
2142.90088
2203.53809
2100.73975
2171.2041
2210.1521
2245.15015
2256.52637
2165.61694
2180.93701
2221.81201
2215.49121
2201.31104
2338.44751
2271.2019
2225.5896
2297.83203
2322.92065
2281.25073
2306.33276
2374.57935
2301.52954
2410.94678
2386.95117
2374.73023
2374.27759
2405.18848
2257.74146
2433.66333
2425.36279
2479.74463
2424.43774
2359.36206
2460.70752
2436.75122
2493.03516
2451.47339
2486.21558
2509.20996
2500.90967
2514.11743
2464.77222
2493.61523
2508.77026
2516.10547
2519.53125
2630.35718
2584.9502
2580.55249
2572.25317
2661.52002
2616.14136
2740.47461
2667.7959
2575.64697
2657.02979
2685.75757
2681.34692
2669.14502
2773.82202
2783.02954
2759.13184
2756.65772
2761.96997
2693.33032
2850.41528
2851.81567
2755.96875
2837.11328
2859.90112
2906.00562
2866.58106
2992.33252
2822.74512
3047.51563
2899.34375
2945.38721
2929.29395
3014.13062
2941.75635
3030.43799
2919.29346
2932.3103
3022.88135
2909.86304
3013.97119
3025.02148
3119.38013
3080.04028
3085.26074
3160.18921
3056.97485
3025.41895
3063.54517
3140.35474
3213.26538
3187.50586
3200.43164
3145.68262
3166.34351
3227.58252
3344.83521
3272.7124
3347.4165
3308.15064
3342.27148
3220.01172
3315.89893
3332.63086
3339.70923
3449.02075
3274.78418
3376.35303
3429.68604
3481.0708
3412.95337
3475.88184
3488.69971
3482.25244
3539.354
3496.3186
3462.92407
3537.31665
3509.69946
3514.79712
3537.20386
3569.21704
3543.53662
3715.86621
3594.06909
3706.75293
3734.85938
3722.61719
3752.62988
3749.98901
3666.71948
3754.30664
3705.61011
3779.72534
3807.77319
3766.76563
3858.0835
3930.19458
3963.94165
3922.93457
3891.52368
3915.67969
4066.23755
4046.3064
4055.10132
4063.89258
3999.9541
4077.6377
3941.02222
4003.38501
3977.75391
4172.01416
4142.53711
4155.11914
4123.74512
4268.15283
4175.64307
4316.16553
4240.8667
4303.04981
4298.40381
4267.04346
4424.5835
4353.15039
4359.94092
4315.24365
4381.14014
4414.60693
4493.79883
4399.56885
4533.979
4475.96533
4570.31836
4455.20166
4602.82178
4544.83887
4673.35547
4588.74658
4732.42188
4611.70068
4719.18945
4742.99268
4624.23926
4777.26953
4867.54346
4691.84815
4848.57422
4872.32373
4928.33691
4870.44434
4901.76611
4853.38721
4987.13574
5039.27881
5026.9292
5005.10449
4941.58691
5065.71289
4998.41797
5025.86963
5144.22412
4963.33203
5117.62549
5063.63477
5325.72607
5124.12305
5153.40332
5190.23779
5219.49316
5352.729
5223.14844
5256.16016
5287.26904
5393.9375
5417.45166
5348.4165
5383.25879
5486.04932
5394.39063
5510.34863
5464.00195
5498.78711
5490.17969
5523.06006
5610.60059
5666.06348
5612.2002
5509.36914
5768.27148
5680.5166
5705.78125
5704.67773
5677.2207
5796.5708
5951.62549
5850.7666
5962.48877
5882.35205
5909.4165
5943.98926
5986.06641
6009.33594
6087.07959
6059.604
6032.13867
5959.62061
6142.43945
6167.52686
6173.83838
6232.68066
6115.17285
6303.40918
6232.81006
6220.354
6273.50537
6313.51807
6374.125
6342.91748
6311.72168
6338.58643
6404.75684
6323.02686
6555.73389
6591.88525
6472.75049
6512.64404
6640.41211
6511.98828
6712.6084
6733.7334
6668.89648
6704.9668
6800.79346
6707.96826
6682.39404
6768.83496
6998.95361
6644.9165
6998.10303
6933.32471
6907.73486
6867.23779
6960.97949
6993.17773
7012.31836
7023.99902
7203.32324
7136.74023
7250.80127
7247.53125
7207.03613
7332.18115
7226.56348
7314.45068
7428.34229
7462.22949
7442.18799
7446.31836
7376.10938
7606.93408
7555.29785
7626.26563
7559.78857
7510.04688
7477.03027
7739.11426
7642.97705
7680.44971
7723.47168
7683.02588
7820.58887
7826.48242
7900.94873
7929.05957
8072.02441
7981.54346
7881.83789
7913.63232
7991.69434
8091.93604
8018.1919
8077.68555
8207.44727
8211.39746
8219.04395
8158.28565
8354.46875
8389.80078
8391.86231
8417.93652
8575.12988
8582.69238
8518.25
8531.35742
8590.5957
8664.57031
8782.79004
8747.87988
8873.41211
8757.37598
8718.80273
8855.32324
8936.51367
9028.72461
9061.95898
9120.96191
9005.03223
9145.0166
9132.19043
9095.44824
9283.16406
9391.71387
9365.97559
9400.9209
9522.25
9513.04102
9446.87012
9659.97852
9652.58301
9713.13867
9635.96191
9751.56934
9872.6377
9966.13281
9936.66699
9975.08203
10112.51563
10088.53711
10121.39844
10304.54492
10313.52734
10430.60352
10483.52051
10461.32617
10516.04688
10587.22168
10901.81055
10714.84668
10778.62109
10813.10059
10820.13184
11028.30566
10826.87109
11170.22461
11226.52148
11302.89551
11302.51172
11393.4502
11374.78711
11348.82715
11649.62207
11581.6416
11792.86231
11785.08203
11950.58106
11970.125
12068.06152
12247.98828
12210.96289
12480.07715
12444.84082
12471.54785
12662.14356
12767.08887
12899.29785
13058.75488
13178.11621
13090.02734
13061.99707
13414.06738
13422.34961
13561.51563
13804.22754
13601.63184
13898.74316
14030.43848
14091.25293
14306.38281
14298.13281
14400.60254
14680.87207
14745.12402
14831.11816
15087.55859
15109.98633
15288.31445
15366.88086
15478.03613
15487.68262
15913.96875
15981.48145
15905.91504
16170.73731
16377.53223
16477.47266
16687.74414
17002.85352
17012.17578
17095.63477
17321.88867
17379.94531
17475.93164
17725.46289
17917.08594
18330.79297
18031.03906
18236.93164
18632.27734
18823.5293
19070.64258
19198.5918
19339.11328
19465.1543
19601.96094
19846.87109
20201.62109
20354.41797
20629.6582
20531.93945
20722.39648
21118.03125
21461.30664
21413.89258
21728.18164
22150.29102
21967.86133
22414.93164
22361.97656
22706.32422
22993.02148
23011.85742
23323.5332
23688.9707
24059.65234
24121.35352
24134.55664
24598.25977
24824.90625
25342.11133
25401.69727
25477.40039
25782.58594
26012.35547
26453.53125
26475.20117
26903.56836
27095.3125
27150.86914
27596.75195
27768.54883
28008.29297
28262.25781
28550.11523
28553.43359
28780.30859
29430.88086
29448.32031
29723.14258
29683.32813
30358.2168
30273.63086
30523.06055
30827.74805
31246.57227
31497.44531
31742.86133
31931.08398
32101.39258
32136.08008
32481.03125
32652.90625
33038.61328
33260.20703
33276.80469
33541.01563
33684.00781
33905.29297
34213.73047
34155.35156
34534.80078
34682.78125
34768.44141
34761.57422
35320.20313
35482.12891
35315.13672
35249.51172
35240.77344
35708.14063
35910.67188
35768.61328
35800.60547
36120.15234
36391.65234
35992.3125
36247.75781
36178.51172
36318.55078
36380.51563
36171.23828
36304.09766
36307.55078
36477.53125
36392.37891
36576.4375
36123.02344
36211.46484
36383.05859
35937.01953
36073.21094
36071.37891
35804.27344
35795.42188
35797.17188
35613.34766
35551.51563
35392.53906
35092.31641
34977.64063
34485.15625
34547.17578
34685.05859
34425.84766
34161.44531
33801.89844
33733.47656
33308.91016
33286.44141
32959.07031
32949.01172
32391.0332
32301.82422
32182.70898
31917.49609
31904.12695
31327.53711
30812.76563
30855.91797
30519.10156
30527.11914
30253.79883
30091.33789
29649.47656
29409.875
29021.0293
28576.125
28684.60938
27911.59375
28179.91992
27468.74023
27131.62305
27196.41602
26712.13477
26454.28516
25777.46094
25728.51563
25574.42383
25224.12109
24970.31836
24669.32031
24408.7207
23883.82227
23954.35547
23723.80469
23013.85352
22832.56836
22353.97852
22442.22852
22100.29297
21926.32031
21278.74023
21143.44531
20789.80469
20794.4043
20435.73242
20227.36914
19841.01563
19529.87109
19498.06445
19089.40234
18996.63867
18713.81055
18385.75586
18153.71484
17867.73242
17515.64258
17196.79492
16954.7207
16820.72266
16833.04492
16404.9043
16088.33106
15926.76563
15629.54981
15624.69824
15256.35254
14980.3125
14984.28223
14611.06738
14429.16016
14290.7627
13900.53418
13770.97949
13481.72266
13472.0918
13007.69727
13114.43555
12738.78418
12576.65137
12416.31641
12191.88672
11929.40527
11907.95996
11591.91504
11568.81152
11247.7627
11042.88184
10890.0293
10825.53223
10626.04883
10490.67481
10407.26172
10213.16895
9834.09375
10063.84082
9605.41992
9629.42969
9463.33301
9321.49219
9148.61231
8958.53027
8689.09277
8735.69727
8623.4834
8459.54199
8349.15332
8337.13477
7924.99121
7882.02344
7809.76416
7799.58496
7598.12109
7432.91992
7376.31006
7209.49609
7090.96289
7039.61865
6783.46533
6807.92285
6756.66504
6714.02881
6525.21924
6444.81543
6328.34082
6251.44531
6131.61816
5987.78418
5957.3833
5726.05029
5709.4502
5586.41602
5468.57959
5422.8667
5404.62354
5209.7002
5157.20557
5061.86328
5062.56397
4878.14844
4925.15479
4730.55957
4703.91699
4673.85986
4566.75928
4464.83789
4493.04102
4423.68897
4388.58398
4300.46338
4149.09863
4161.94629
4073.92358
4003.02808
3949.25
3799.81445
3910.08594
3718.021
3754.84106
3617.51367
3519.49829
3506.84692
3489.08203
3455.97168
3288.14233
3307.94409
3327.73779
3240.14356
3115.09399
3134.91382
3062.74121
3017.84644
2967.86133
2946.83691
2886.67358
2833.34106
2686.45459
2786.27564
2765.30786
2615.12256
2662.19702
2588.57715
2606.74951
2526.37402
2493.59229
2399.6853
2404.29688
2335.90918
2296.40259
2306.12256
2290.38965
2278.05566
2175.84351
2216.09937
2135.97827
2071.14331
2150.37012
1999.15405
2036.01685
1979.72119
1940.37988
1928.13965
1885.43933
1834.29529
1806.85706
1738.8346
1701.27966
1761.80579
1737.78479
1703.63269
1713.42835
1637.05896
1656.99841
1594.18091
1566.84522
1549.64893
1578.02832
1538.90039
1482.91773
1482.6189
1382.82434
1461.78919
1383.95276
1408.9541
1351.37976
1376.37744
1386.20606
1318.56677
1319.98462
1228.81958
1236.98657
1278.8031
1174.2428
1256.42188
1148.54492
1188.66394
1156.48633
1132.72461
1166.1012
1086.90955
1163.95105
1044.48987
1087.93054
1040.71118
1030.43176
1001.69959
971.30145
1006.32678
982.6474
958.97748
935.31708
923.39716
924.88617
924.69934
922.83771
966.18835
895.67822
835.2395
850.13208
831.55566
819.67792
866.34149
769.1825
842.58612
792.27197
788.76953
780.25617
773.41657
723.15692
731.3595
751.24475
696.0127
677.51556
687.38898
690.58612
710.45929
653.62366
631.81952
680.02686
641.56213
619.77356
642.96814
659.49182
619.39722
559.34222
632.46137
595.72449
595.60388
570.53278
543.80884
605.21814
565.1991
571.73267
518.44312
541.59686
541.48706
513.146
539.6073
509.61801
526.11127
540.93854
474.46948
494.27704
484.22696
465.89102
460.82361
450.78635
460.63669
440.6637
437.26169
437.17297
420.52805
430.37445
423.6673
407.03519
410.26111
401.90811
428.28424
400.09171
398.35751
396.62405
381.67313
378.29175
369.95697
338.5079
366.50482
343.32217
359.75494
372.88117
344.76251
351.28946
336.37787
351.1467
329.64819
336.17279
355.87531
316.26929
331.0271
344.13232
327.60004
324.24161
329.11237
291.2052
276.34192
271.35205
304.18131
309.05109
249.82025
292.49313
289.14783
256.23798
266.03909
279.12003
269.2139
237.97603
285.51309
244.44132
224.709
229.58287
249.21063
234.40698
247.47025
240.86566
258.83688
250.59477
224.34306
243.94383
242.25725
216.02324
220.88782
222.47867
224.06885
209.30632
196.18466
187.97197
186.29944
191.16306
212.36008
181.28586
226.96932
177.94682
184.43935
181.13796
231.67876
177.80164
172.87271
197.29556
171.17195
176.02664
164.58389
164.55029
167.77446
184.02565
185.61629
169.29958
174.14764
157.83991
152.92702
156.14888
187.01512
173.96983
141.4232
149.5204
152.73962
164.08031
160.79833
133.15927
147.7441
128.23514
146.06079
157.38889
157.35669
137.86169
149.18448
142.66902
124.80985
137.74892
145.82196
119.87352
136.0448
127.92072
152.1783
126.24977
114.89614
111.63677
139.11299
113.20833
119.65287
122.86157
129.30148
117.96343
119.55488
132.45259
113.04612
96.87682
106.54267
111.3627
111.33988
101.63731
83.87392
112.88406
119.31012
101.55401
99.92156
106.34629
95.04765
82.14298
104.67056
93.3792
106.23729
106.2155
94.93074
99.73726
96.50012
101.30434
104.4989
86.79665
96.42093
86.76102
106.01949
105.99772
99.55317
67.4254
97.90726
72.21183
85.03202
81.80647
84.99709
75.3593
89.77136
81.73926
88.13207
75.29738
72.07842
83.27351
89.66073
91.24305
75.22003
78.40476
84.78771
70.37533
76.75729
71.94517
65.53656
108.67242
81.48755
75.08092
75.06548
70.2596
63.85922
51.07686
67.02459
70.20178
66.997
73.36256
60.59138
62.17308
60.56643
79.67626
66.91428
65.30763
63.70163
57.31966
62.08351
58.8876
65.24039
81.13596
76.34751
66.79031
84.26564
63.5836
57.21344
74.67993
61.95568
52.41322
49.22651
60.32974
57.1427
44.43515
61.87906
69.79787
52.3376
39.64152
63.41334
53.89022
42.78634
45.94622
50.68881
63.34793
80.75194
66.48787
60.14327
41.14216
45.87986
58.52428
45.86091
53.75686
58.48803
60.05637
42.66282
39.49445
44.22464
60.00675
67.88834
59.98195
66.28214
56.80152
31.54987
56.77803
31.53683
45.71895
37.82855
59.88281
51.99274
14.1769
51.97123
56.68416
50.37549
42.49553
40.91315
59.78377
50.33381
61.33163
44.02385
40.87083
50.29214
18.85565
43.9874
48.69025
47.10984
40.82007
36.10259
51.78863
42.36374
47.06107
34.5043
78.40261
34.49
43.88726
32.90863
42.30232
46.99284
57.94582
48.53913
29.74362
48.519
42.24972
51.62784
50.05298
20.3298
40.65117
34.39001
43.76002
46.87601
51.55291
34.36147
31.23122
45.27587
46.82738
49.93884
45.24767
56.15786
34.31157
29.62656
29.62041
31.17291
42.07468
38.94994
45.17255
38.93376
35.81162
24.90725
40.46587
52.90591
40.44905
31.10819
38.87715
37.3143
63.73202
34.19056
27.96828
51.26451
46.5944
40.37342
27.94501
34.14791
40.34822
37.23676
17.0633
41.87392
46.5169
27.90433
27.89852
37.19029
32.53473
32.52795
46.45882
21.67627
40.24755
30.9532
34.04143
24.75225
27.84048
23.19556
34.01307
30.91453
29.36268
20.08607
30.8952
24.71101
27.79409
46.31383
26.23903
27.77671
52.45618
40.10518
27.75934
21.58609
21.58159
36.98929
53.93145
9.24346
21.56358
6.15974
20.01497
44.63945
13.85073
21.54108
46.14983
21.53209
39.97982
23.06046
27.66678
26.12428
35.33723
16.89688
23.03639
16.88982
29.16723
27.62634
12.27581
27.6148
15.33835
39.87137
41.39622
44.45331
13.79297
38.3058
30.63823
21.44228
33.68796
13.77855
30.6126
36.72744
22.94985
33.65273
16.82285
25.9935
29.04548
25.98262
29.03332
30.55499
16.80173
27.48798
22.90185
38.16176
18.31381
22.88747
30.51023
21.35269
15.24872
38.11382
25.91197
33.52611
28.9483
19.80258
31.98208
39.58856
31.96867
24.35197
41.08534
33.46993
47.15228
19.76939
15.20403
30.40169
27.35578
16.71391
21.26779
12.15047
30.3698
25.80892
27.32135
36.42082
22.75824
34.88864
24.26526
22.7439
21.22319
21.21873
28.7908
22.7248
15.14669
39.37311
24.22452
19.67829
27.24113
15.13078
37.819
28.7364
25.70611
13.60626
4.53447
25.6899
40.79303
15.10535
12.08174
30.198
22.64374
27.16677
24.14316
51.29342
36.1995
39.20787
46.73801
19.59568
24.11269
31.64124
12.05127
39.15838
18.06929
12.04366
25.58739
21.06753
27.08111
24.06703
21.05422
21.04978
9.01943
22.54383
45.07816
34.55264
24.03156
51.05629
24.02143
48.03272
28.51342
36.00935
30.00147
31.4949
38.98546
40.47636
47.96186
44.95476
20.97446
50.92723
25.45824
38.92792
22.45367
37.41489
31.42188
16.4556
50.85204
28.41131
14.95017
10.46291
10.4607
35.85767
37.34385
13.44095
25.38309
19.4065
5.96997
22.38265
20.88606
19.3901
47.71939
22.36373
14.906
20.864
29.7994
22.34483
20.85076
23.8244
29.7742
13.39556
20.83313
29.75531
26.77412
34.20413
19.32868
7.43253
23.77907
23.77404
38.62464
14.85249
29.69868
22.2693
41.56055
14.83991
41.54295
8.90017
40.0423
42.99928
31.13082
34.08843
11.85433
17.77773
14.81164
14.8085
31.09125
29.60444
25.15844
19.23473
11.83425
34.01624
22.1798
28.08845
32.51657
5.91085
29.54798
16.24794
4.43032
17.71751
28.04676
42.79913
13.27967
20.65288
10.32425
19.16953
16.21693
5.89581
33.89372
29.46654
19.14919
0
10.30672
23.55321
11.7741
16.18595
44.13412
27.94567
27.93973
10.2914
11.7591
5.8783
47.01638
16.15845
16.15501
29.3665
27.89224
35.22481
14.67388
36.6769
14.66764
38.12774
26.39051
17.58993
23.44825
16.11724
21.97338
13.18122
11.71415
46.8466
13.1728
23.41333
16.09323
2.92542
19.01117
27.77964
29.2355
23.38342
18.99498
23.37345
24.829
18.98283
7.29953
26.27272
17.51141
21.8846
20.42127
24.79197
23.32864
29.15458
29.14836
13.11396
8.74078
10.1954
11.6494
45.13178
20.37775
21.82864
18.91411
39.27477
34.90346
24.718
34.88855
24.70745
15.98376
14.52759
7.26224
26.13848
26.1329
14.51518
26.12173
31.91974
30.46233
31.9061
21.74951
27.54349
26.08825
24.63364
23.17964
21.72627
14.48108
30.40376
27.50228
28.94358
20.25617
15.91216
23.14001
30.36476
24.57573
21.67983
14.45013
18.78114
27.44349
23.10536
20.21286
1.44347
17.31789
17.31418
20.19555
15.86453
5.76768
25.94902
27.38476
