41
33
35
26
38
33
6
26
40
15
16
42
21
10
58
17
14
84
39
31
33
19
15
35
1
2
17
14
19
19
19
26
51
11
29
44
3
3
65
25
7
31
6
5
33
7
12
34
38
3
42
10
0
5
12
36
43
17
12
14
6
45
25
16
31
14
8
5
65
3
8
38
20
23
58
4
0
39
14
31
3
7
39
2
6
40
42
11
24
37
23
31
35
10
24
34
14
3
32
1
42
22
33
1
9
4
21
13
19
35
30
5
27
29
27
10
4
4
10
21
5
10
17
31
10
1
8
18
11
15
7
9
26
25
4
7
36
2
18
6
18
21
31
20
42
23
15
53
27
4
11
18
25
7
12
14
1
33
30
7
11
12
24
18
2
9
31
5
14
18
5
4
22
3
17
24
12
5
24
8
1
33
7
5
31
4
23
35
8
9
38
16
0
65
12
2
84
16
11
49
3
24
56
0
13
9
32
1
47
14
9
30
27
39
61
0
51
55
2
9
76
9
31
49
0
28
66
36
17
39
59
29
68
24
61
74
26
68
69
36
85
101
53
102
130
65
97
175
132
150
176
159
174
237
220
246
273
281
274
321
335
379
395
413
431
501
474
538
565
559
586
653
632
656
690
678
727
816
756
807
815
812
813
848
868
876
871
934
895
894
935
924
958
916
969
991
978
981
998
947
968
1025
948
1030
1002
1026
1023
1073
1007
1024
1018
989
1049
1029
983
1012
1057
979
1007
1015
961
990
997
1001
949
1011
939
937
966
901
887
909
898
869
842
864
828
820
795
787
795
825
792
809
743
779
782
748
771
781
739
718
721
708
712
726
718
718
686
686
673
666
628
656
637
623
674
622
570
588
590
568
599
592
520
568
549
533
512
560
532
517
571
493
531
513
490
519
499
448
483
450
439
497
497
399
457
452
393
459
457
394
439
465
422
404
489
428
416
418
419
436
409
403
414
440
424
428
428
424
433
421
434
455
433
400
475
424
420
458
453
459
477
468
443
471
491
482
522
471
483
531
492
493
562
535
523
553
540
514
572
570
510
580
587
590
621
591
585
635
659
634
664
640
636
668
688
647
738
683
757
703
713
728
749
773
753
807
799
810
864
809
865
856
857
872
853
883
927
971
960
953
962
985
978
1073
1046
1042
1114
1053
1056
1114
1093
1118
1158
1151
1145
1228
1212
1229
1284
1265
1312
1273
1287
1295
1321
1311
1323
1403
1312
1338
1370
1386
1348
1414
1383
1422
1427
1380
1453
1506
1440
1440
1529
1490
1520
1567
1536
1579
1522
1530
1647
1620
1558
1614
1651
1591
1677
1710
1625
1680
1711
1677
1701
1766
1692
1730
1792
1705
1730
1759
1715
1707
1748
1724
1752
1797
1722
1803
1758
1735
1773
1758
1717
1717
1759
1732
1735
1751
1702
1684
1715
1694
1708
1753
1739
1769
1771
1713
1711
1736
1695
1677
1736
1733
1763
1752
1723
1758
1742
1715
1686
1757
1694
1709
1751
1644
1673
1701
1650
1649
1691
1645
1654
1625
1619
1632
1650
1602
1606
1606
1542
1591
1625
1529
1570
1578
1528
1497
1525
1468
1493
1523
1437
1449
1503
1447
1374
1466
1423
1394
1475
1428
1418
1423
1362
1389
1373
1339
1363
1354
1302
1310
1301
1280
1315
1251
1253
1288
1233
1226
1263
1228
1188
1198
1235
1205
1187
1165
1148
1158
1196
1096
1119
1134
1077
1084
1139
1110
1074
1089
1008
1057
1080
989
1032
1030
957
1020
984
960
903
972
959
942
919
955
958
885
910
933
906
840
917
905
832
884
833
824
830
810
816
821
834
781
799
779
753
757
741
735
737
734
714
768
715
682
681
669
644
729
646
630
640
640
628
644
617
565
599
583
537
603
589
534
567
522
525
552
544
492
563
515
474
541
484
464
547
502
448
526
489
420
489
469
427
470
460
430
423
414
429
450
387
426
380
400
390
426
388
361
421
368
384
433
351
352
367
375
350
335
351
343
352
280
309
318
330
273
300
311
280
293
264
291
327
275
250
309
258
249
307
288
226
255
235
255
276
250
251
254
226
224
228
214
231
204
215
247
211
221
212
243
203
194
251
206
163
224
173
209
230
182
204
206
177
168
176
147
186
197
146
192
147
150
174
203
146
166
203
144
179
215
144
121
173
151
134
135
161
180
165
131
150
154
102
127
161
115
117
185
108
142
136
117
99
163
125
100
138
64
121
134
116
98
98
115
111
132
106
100
100
96
96
121
110
139
111
56
120
98
94
126
115
98
88
122
36
98
128
93
105
113
63
72
83
70
69
73
64
71
91
89
47
107
45
101
86
85
63
104
89
41
125
56
45
81
55
75
72
69
62
53
86
27
57
50
63
57
49
52
98
17
42
66
28
63
77
37
52
57
35
59
44
48
55
43
30
51
72
63
62
44
0
74
56
16
67
41
3
91
66
24
55
67
61
23
112
32
55
76
73
46
54
6
55
60
60
28
36
18
50
12
14
35
15
39
75
52
19
49
69
17
55
34
26
44
75
18
58
53
35
46
18
32
46
35
5
34
39
5
60
2
6
48
27
20
52
45
20
41
36
17
56
29
25
48
50
47
3
30
3
40
5
1
41
20
25
42
19
41
19
10
15
10
35
7
36
4
14
18
20
38
69
16
4
72
29
44
55
16
24
57
24
1
55
6
14
63
8
24
47
46
7
44
42
6
46
3
27
64
12
17
74
16
6
58
3
5
29
10
12
46
6
27
59
10
6
26
45
38
37
40
11
31
11
39
22
25
11
64
18
18
25
8
18
23
28
4
40
1
24
50
37
32
41
17
18
26
2
10
62
9
69
46
10
1
48
0
14
28
13
14
57
1
16
31
10
4
34
28
0
22
2
8
23
11
26
6
33
30
30
39
19
42
19
40
43
6
6
44
1
32
11
3
34
36
10
35
35
12
16
33
5
41
23
21
37
57
23
28
40
23
18
42
14
30
46
0
3
46
6
29
30
29
5
8
1
12
18
8
9
7
23
20
32
8
41
50
16
6
28
10
19
32
13
12
25
7
44
6
9
22
19
12
28
29
19
18
47
17
54
24
14
26
56
5
1
25
7
31
38
35
2
34
19
11
8
27
17
2
4
2
19
11
54
17
31
5
31
14
25
31
18
18
42
15
41
8
11
21
8
18
27
6
23
29
43
7
15
14
16
28
19
20
34
17
21
31
12
5
1
12
25
18
15
11
52
19