31
36
47
16
7
26
31
34
15
15
9
8
25
34
26
19
26
5
46
50
0
13
18
3
16
56
13
8
3
5
20
32
32
46
21
13
5
28
18
43
24
40
22
19
14
19
42
2
1
45
1
5
1
16
3
52
22
2
54
56
14
37
5
7
23
10
17
42
5
1
28
13
18
28
11
10
31
20
33
6
4
21
31
39
22
13
13
43
42
31
8
37
14
16
61
7
4
34
15
2
33
25
3
33
18
49
12
17
25
21
21
11
15
25
9
7
4
27
4
8
15
20
18
16
8
30
20
15
19
11
18
14
4
35
46
2
2
12
17
17
21
68
14
3
49
15
11
39
23
20
31
9
11
25
31
19
37
16
4
11
34
4
5
25
28
36
29
25
32
25
10
15
22
36
16
4
20
20
7
22
3
17
25
11
8
10
10
10
32
51
11
17
40
13
28
68
19
6
18
52
12
60
18
13
46
35
28
19
26
23
15
31
1
29
5
32
43
42
1
71
9
0
40
21
42
46
45
9
49
41
13
19
40
29
26
33
50
55
49
61
30
43
46
63
57
76
95
108
78
117
80
134
149
115
116
182
187
214
208
210
210
279
276
271
328
326
360
419
373
411
444
415
449
512
471
494
552
554
538
613
628
582
694
678
668
694
743
738
729
786
777
808
730
754
773
797
799
814
817
786
870
848
841
846
866
855
896
845
891
886
857
918
894
853
898
878
866
886
883
855
912
841
809
876
812
791
858
874
805
785
822
764
758
757
708
699
758
717
714
699
680
635
680
632
642
652
633
613
653
623
588
619
620
609
631
541
598
589
548
539
555
563
532
540
556
548
532
522
501
497
496
497
435
455
498
465
418
509
441
377
455
460
382
407
402
400
413
418
358
404
386
378
372
398
380
356
347
322
333
335
335
354
342
304
303
366
309
318
352
298
290
302
286
318
340
280
317
280
286
303
259
279
315
260
287
284
268
269
300
295
265
284
271
240
250
299
240
255
255
248
276
283
276
316
257
260
317
282
250
329
276
250
262
240
174
291
279
237
266
297
233
268
294
273
276
260
265
254
290
306
272
284
272
293
275
286
303
287
290
331
300
295
359
313
340
325
310
325
359
331
340
358
370
382
420
333
380
395
378
401
408
398
382
474
428
413
484
445
438
488
477
450
515
477
468
524
496
490
478
501
502
536
568
551
564
542
595
582
605
569
623
578
600
618
631
629
632
654
663
682
715
702
701
693
719
703
739
721
763
717
764
804
764
780
794
711
783
827
772
808
853
806
803
871
857
823
858
851
815
897
888
852
895
873
854
881
868
856
893
863
872
903
831
857
925
898
895
926
933
921
938
958
931
956
949
963
991
990
985
974
937
998
988
946
1005
1009
1007
1016
1028
983
997
1020
996
1013
1016
992
989
971
948
983
967
939
959
947
940
959
982
949
954
963
918
956
950
903
938
943
916
884
964
953
927
1014
974
935
952
983
942
951
946
925
914
953
940
964
921
952
928
882
940
945
913
904
958
900
905
900
846
889
892
852
861
867
852
853
865
827
867
860
813
850
820
784
816
858
763
835
815
764
766
820
753
790
796
702
740
754
703
697
749
705
717
732
729
723
695
719
707
710
701
654
683
645
700
672
634
650
630
589
611
598
584
611
582
601
641
574
584
624
541
532
558
549
508
571
539
509
538
544
511
528
471
466
505
472
458
500
479
436
483
434
457
445
426
412
451
411
402
462
383
434
420
394
369
409
427
403
402
370
377
374
406
373
343
387
346
331
319
357
361
348
381
349
334
359
362
315
322
343
295
313
323
318
285
319
282
277
327
268
267
306
300
269
280
257
262
267
285
260
295
268
261
277
226
255
251
232
220
266
223
215
245
255
229
219
214
193
166
218
197
225
195
196
192
191
195
182
178
175
189
174
186
193
171
156
204
143
158
195
145
179
206
179
153
145
162
119
171
121
177
176
141
117
179
112
110
169
123
146
178
128
110
126
92
131
151
123
103
118
109
110
149
152
99
128
111
87
112
93
121
108
105
110
112
101
81
93
90
92
97
103
94
84
106
97
113
77
96
65
98
116
93
58
75
112
56
101
90
57
70
112
32
46
96
72
67
135
90
94
114
79
73
91
34
48
129
51
53
102
46
92
81
57
42
116
51
58
102
65
28
79
105
55
112
60
66
63
44
54
51
39
62
28
63
74
56
38
78
45
28
57
61
33
75
90
39
50
54
35
60
66
5
42
51
5
65
50
15
43
59
2
43
76
12
42
58
0
28
89
7
41
43
35
32
48
2
12
56
22
28
11
44
1
13
20
26
5
2
40
34
21
14
31
20
35
40
26
45
45
33
4
39
16
26
32
0
45
15
19
30
41
16
59
11
4
49
39
3
23
28
6
38
53
30
29
66
11
18
55
2
22
22
26
13
50
6
36
17
3
27
1
28
21
11
23
34
21
8
29
24
43
26
12
28
45
2
35
30
22
19
37
10
24
34
10
10
45
7
16
44
2
9
36
63
5
80
8
6
6
19
11
30
29
1
29
14
26
24
36
9
43
29
11
30
15
33
14
46
6
21
31
2
45
19
21
25
35
13
37
20
18
14
9
16
22
0
10
37
25
4
36
3
16
42
30
18
50
21
11
37
3
13
30
46
10
40
32
7
26
8
24
44
8
9
53
17
51
27
7
8
22
45
8
28
31
6
15
10
25
14
25
16
12
14
11
38
25
12
3
20
6
23
51
3
12
6
11
5
4
4
42
28
15
12
19
1
42
4
23
33
16
17
34
28
3
42
7
1
67
17
15
2
7
1
5
3
14
28
14
7
25
18
15
1
5
19
12
1
16
31
7
32
37
7
7
40
4
33
38
33
4
3
12
16
5
29
31
20
11
18
42
11
54
8
23
12
6
14
18
4
32
18
38
5
20
2
19
20
6
1
15
69
24
20
56
28
26
16
22
10
6
6
11
19
31
21
30
38
6
22
13
3
24
17
5
31
4
22
28
26
20
5
6
4
8
10
32
29
2
40
25
1
2
6
10
16
4
2
30
36
8