4
33
37
1
21
2
19
30
23
2
4
46
2
57
21
25
31
38
22
7
41
10
32
16
21
6
33
43
7
48
0
14
27
11
11
18
23
26
1
19
17
5
43
37
20
5
47
28
29
45
34
44
20
31
3
10
39
15
19
18
24
37
21
17
17
18
16
39
13
23
41
1
0
23
18
3
22
31
7
35
10
3
29
22
40
6
4
20
11
29
23
33
7
2
41
24
19
11
6
20
30
4
12
22
4
32
20
21
16
7
15
5
5
6
42
38
24
3
26
20
9
42
27
11
39
18
27
1
10
46
6
23
16
22
29
2
17
11
11
7
15
18
22
9
6
31
3
12
31
12
45
9
8
7
19
36
10
13
7
16
35
9
3
8
7
55
28
13
1
21
15
18
12
6
6
26
19
1
19
32
13
32
11
34
8
22
16
10
8
20
10
4
16
26
27
13
57
4
16
32
18
11
59
16
10
43
19
17
48
36
26
17
11
25
2
6
24
5
1
33
35
1
7
46
49
19
1
4
1
2
34
12
60
8
43
40
22
39
43
21
39
31
10
26
56
9
55
63
46
86
121
40
93
108
123
147
139
142
122
175
163
192
204
193
251
260
249
274
324
284
334
373
327
393
407
391
417
476
445
472
528
525
492
578
561
580
539
588
650
587
640
673
630
618
712
708
655
724
704
674
761
772
688
759
775
757
814
767
799
780
763
757
767
778
744
809
779
769
822
798
752
787
811
720
733
764
674
720
726
665
672
723
649
640
640
638
634
619
625
590
613
574
607
603
556
582
536
538
567
517
506
565
530
491
555
514
456
551
494
471
526
494
465
459
450
457
467
434
447
471
453
437
452
428
380
424
379
356
422
415
375
405
394
333
386
357
342
347
361
301
314
354
284
294
316
299
280
303
282
251
287
263
306
262
290
299
293
237
284
237
247
244
257
230
246
263
246
237
218
225
260
214
228
228
220
241
235
191
171
239
214
166
232
248
184
229
213
194
245
202
229
173
212
220
206
201
201
166
225
217
198
199
173
239
199
193
226
182
181
191
194
172
201
204
189
185
164
187
162
179
217
182
209
235
211
186
207
196
192
201
252
174
209
223
229
184
211
219
234
220
234
220
259
251
231
235
265
246
250
234
271
277
238
278
286
260
276
302
258
298
289
287
270
269
300
295
311
320
311
320
353
341
330
330
371
345
349
382
397
312
365
414
366
371
384
334
374
388
368
408
409
371
354
441
394
399
441
395
433
472
444
476
476
459
503
497
494
497
521
511
516
543
514
518
552
549
522
544
507
539
562
465
543
514
538
506
568
569
546
562
517
575
560
550
575
591
558
587
590
512
611
608
579
570
618
571
628
645
614
685
615
640
661
671
662
690
717
642
698
681
696
703
683
626
691
670
654
679
691
639
654
718
683
666
673
638
637
648
603
662
604
610
662
676
602
661
649
615
651
637
642
660
652
630
648
646
664
642
658
648
684
649
668
705
635
664
651
692
615
696
661
639
698
653
635
658
657
647
644
649
621
628
624
629
630
604
613
630
596
597
609
576
580
634
571
577
618
576
585
599
607
533
548
586
567
550
574
526
545
577
548
547
566
559
556
509
568
581
506
497
550
478
510
522
499
485
489
460
501
518
510
425
472
468
481
457
434
447
432
442
433
494
408
397
443
438
438
404
381
400
427
401
373
420
366
350
378
407
354
367
383
363
354
363
336
361
322
352
346
362
352
387
325
332
335
293
326
326
288
289
298
302
293
304
287
297
273
282
275
307
272
304
277
217
267
269
227
262
259
280
244
334
241
257
263
231
220
255
258
227
238
232
225
234
247
240
208
222
224
249
215
232
225
192
213
240
215
198
229
199
180
207
188
152
166
175
136
168
182
161
205
150
165
162
146
178
153
130
178
152
119
176
196
115
163
153
115
94
132
127
126
143
141
114
141
126
138
170
154
166
159
96
133
123
131
107
136
104
92
129
87
117
134
138
87
101
102
119
148
123
106
85
99
133
105
88
131
86
68
98
92
70
106
93
10
96
91
59
70
79
41
77
68
42
86
60
44
95
44
65
87
73
40
75
56
25
96
100
43
74
79
15
70
64
47
71
59
35
66
43
61
35
70
49
89
39
48
63
51
67
55
9
21
50
70
29
92
37
16
80
41
43
32
60
19
57
21
2
73
30
17
79
62
43
73
62
9
90
48
42
76
72
30
39
63
49
21
37
7
40
51
49
31
17
45
30
29
1
43
41
51
56
21
13
16
44
1
55
33
10
22
10
46
34
34
25
21
53
36
42
19
47
35
29
35
45
13
28
79
15
4
45
10
13
39
53
19
11
9
28
25
48
15
25
34
27
24
22
48
15
24
40
14
17
18
43
20
28
34
37
19
13
4
4
25
0
25
26
20
50
39
9
13
18
3
31
23
22
10
42
3
29
23
15
10
27
30
29
46
28
10
37
16
25
27
8
47
6
17
1
30
18
6
6
25
6
24
44
6
58
13
27
32
18
9
14
1
6
4
19
36
8
9
4
5
16
10
37
7
49
19
7
2
21
6
5
28
15
2
36
13
42
47
9
31
31
15
4
9
12
40
12
5
34
5
37
27
10
26
10
54
5
10
31
0
14
26
29
2
23
32
12
27
11
14
41
7
11
9
12
37
25
16
14
23
26
4
28
23
22
14
29
5
7
19
16
2
26
4
12
3
24
4
10
44
13
3
30
10
17
28
3
8
13
39
14
17
26
1
17
51
17
8
2
47
33
13
43
41
16
19
17
28
17
32
2
11
28
5
5
9
57
13
14
42
10
27
1
25
18
18
4
7
12
13
38
25
9
24
1
31
38
13
33
17
30
14
14
5
17
22
7
3
11
1
2
31
14
4
60
14
22
14
19
17
27
23
39
26
8
22
38
22
0
29
15
10
13
7
4
12
12
51
39
7
9
17
15
9
9
12
37
14
3
17
33
22
11
18
13
4
21
7
22
21
39
16
2
3
22
40
0
0
35
16
16
28
20
11
5
7
36
17
13
19
13
13
8
21
30