1
12
18
8
23
23
24
0
1
24
17
16
16
47
29
29
56
3
9
51
11
9
38
2
20
6
13
14
11
10
45
9
24
3
29
19
7
19
13
26
6
18
36
36
46
22
2
55
10
28
54
8
20
9
15
4
13
6
10
8
26
13
28
11
17
1
9
8
8
7
13
30
7
33
30
4
40
19
29
3
12
24
12
18
14
34
30
9
36
2
1
49
0
10
10
5
5
27
28
31
6
11
28
15
0
5
20
14
3
6
26
0
13
15
6
45
7
5
18
16
14
3
2
10
17
12
24
11
46
2
9
7
12
7
17
5
15
30
16
19
14
7
25
1
22
30
1
24
23
17
9
37
11
2
21
21
5
12
12
8
1
4
2
6
4
22
10
5
22
4
12
10
30
9
17
3
19
5
37
3
3
15
11
14
21
24
3
21
7
8
25
30
9
2
8
8
29
23
8
29
26
3
15
7
13
13
11
12
21
14
29
32
10
7
17
1
6
4
6
9
27
17
6
60
34
3
27
35
12
22
53
12
8
37
15
12
52
5
19
28
36
33
41
46
11
57
25
54
14
43
45
53
96
65
77
51
113
109
90
122
133
130
169
181
190
206
203
240
206
228
253
280
276
309
328
317
343
331
363
380
410
396
387
432
455
443
517
490
496
510
531
566
570
589
574
577
623
608
594
653
670
671
657
681
708
696
703
722
766
706
702
739
762
723
732
772
720
745
747
705
740
752
684
674
679
665
662
671
656
605
655
649
564
629
594
554
576
574
534
551
572
547
529
528
529
557
538
530
501
473
504
483
487
469
481
490
438
480
466
426
426
460
460
437
442
445
429
405
412
427
379
410
404
368
393
409
369
330
379
326
320
366
294
292
332
332
314
310
326
286
299
292
303
283
257
275
304
247
242
251
270
242
266
235
227
249
223
208
256
243
219
200
232
210
203
217
207
190
199
189
205
234
204
213
188
206
231
183
199
218
154
191
171
193
171
182
201
183
172
194
164
159
170
170
182
202
170
163
167
169
165
148
164
155
141
154
169
159
142
172
152
136
159
165
103
149
169
140
137
177
151
146
178
126
155
139
139
207
132
182
164
166
133
180
153
138
163
137
150
161
151
187
152
171
200
178
164
203
140
177
184
196
169
216
226
187
188
226
205
223
226
208
158
260
185
209
255
218
241
246
238
211
248
227
270
238
260
220
231
251
291
285
241
261
267
302
279
287
285
256
321
272
272
272
294
297
242
335
316
295
306
318
297
345
342
335
327
349
394
384
384
399
374
385
395
399
415
427
417
390
389
420
417
404
401
391
393
404
391
414
389
447
400
364
410
434
403
413
429
381
408
441
450
433
456
443
423
430
455
456
450
439
442
450
461
487
486
452
494
472
448
508
500
489
498
527
497
502
518
475
494
514
488
482
471
480
484
509
459
498
483
431
487
479
435
509
496
411
509
508
446
501
494
467
493
522
548
488
561
478
515
532
497
529
510
563
522
559
511
553
538
517
530
548
533
526
530
492
510
519
511
519
527
526
514
530
520
531
482
491
501
470
482
464
454
459
485
472
436
465
491
451
495
488
458
468
489
467
455
472
461
454
464
472
475
435
444
425
432
426
429
430
410
446
451
390
395
414
371
384
380
388
375
410
390
371
396
358
353
382
388
353
370
354
368
368
360
378
376
368
356
345
319
354
343
316
345
334
305
320
347
291
338
325
310
323
323
294
306
303
290
309
252
290
300
285
232
263
273
237
268
272
233
256
249
233
233
237
250
243
230
229
226
245
237
243
197
233
170
192
193
241
216
196
211
181
184
198
204
182
194
200
193
206
189
198
198
181
197
189
161
188
209
144
201
178
147
165
195
176
154
212
181
150
196
169
160
201
154
160
152
151
136
153
157
145
125
139
162
141
113
126
102
117
123
146
111
97
148
119
88
105
112
120
123
110
127
142
104
124
107
102
93
99
104
89
101
100
111
88
44
77
119
63
94
116
91
78
108
94
70
107
61
78
97
86
87
125
56
44
104
110
47
95
31
63
94
66
48
74
74
70
54
82
56
57
97
67
100
74
68
30
56
55
74
93
66
65
44
32
61
24
91
80
15
43
68
42
23
30
52
32
11
62
64
27
54
48
59
38
73
76
38
64
65
18
56
51
41
36
82
21
48
33
43
32
45
26
22
14
33
52
32
48
44
22
46
29
0
9
59
20
2
29
34
36
38
32
34
38
18
22
33
23
7
47
22
20
16
29
31
52
30
54
48
0
16
61
40
14
25
39
12
38
46
13
17
32
13
39
36
10
31
11
17
23
34
23
20
37
24
13
4
3
24
38
5
21
32
6
20
40
28
45
24
30
5
13
15
28
6
31
30
3
43
38
13
11
50
42
4
18
22
12
19
34
1
20
26
1
4
14
16
27
16
11
21
22
30
26
8
2
24
28
7
5
12
21
12
3
14
11
21
21
3
3
16
2
7
34
10
3
19
21
1
30
29
7
2
54
2
2
16
11
9
31
6
24
19
6
5
2
22
23
25
2
29
23
16
1
17
23
18
18
19
7
8
17
6
53
14
5
24
8
3
7
1
34
1
4
33
16
11
0
11
26
17
5
31
6
30
4
9
10
8
11
24
9
17
21
15
7
7
21
4
12
24
6
6
7
4
14
24
21
21
11
25
21
24
7
16
1
2
1
4
23
16
9
27
1
23
1
22
24
29
14
18
18
22
14
27
26
18
2
5
2
4
11
20
26
33
1
6
2
8
0
25
19
17
15
11
11
14
28
30
6
10
6
32
6
19
31
19
26
17
3
9
43
8
14
33
33
12
19
9
12
7
15
17
5
8
13
12
11
3
3
12
9
2
24
11
22
16
7
6
25
4
1
1
9
6
1
25
8
32
22
0
4
3
18
4
20
16
18
30
34
14
7
20
19
5
1
1
16
7
23
17
24
27
43
1
1
2
15
28
11
11
11
9
12
16
22
37
7
29
6
19
6
14
10
20
0
14
19
10
1
2
23
26
17
14
16
54
15
1
1
9
9
3
11