18
13
33
46
30
1
0
34
18
22
2
17
10
11
58
14
24
9
21
14
8
32
11
27
7
3
9
34
3
17
11
1
6
9
23
16
11
43
15
6
6
4
19
29
28
30
6
18
18
8
1
9
15
24
23
47
13
2
66
6
10
41
35
4
7
20
11
16
26
22
6
15
7
14
30
5
17
2
5
5
18
11
31
2
14
15
10
3
6
20
11
64
4
5
2
38
18
10
32
4
6
15
8
7
7
28
34
14
18
27
12
21
54
5
12
51
21
35
16
2
30
18
33
5
27
13
4
21
33
1
27
23
36
62
28
8
15
5
8
84
26
26
33
15
10
60
16
3
14
6
8
1
11
4
6
62
10
16
1
13
42
8
27
35
58
0
42
2
5
15
17
2
13
2
10
3
1
13
13
30
9
18
4
0
41
9
0
20
15
17
46
15
34
39
8
4
23
6
10
22
39
10
5
40
54
2
16
7
4
2
5
13
1
17
3
34
2
5
16
16
9
24
13
18
17
18
28
10
0
27
18
59
0
25
34
1
2
34
11
7
25
6
8
35
37
18
26
35
44
4
41
39
53
40
43
44
45
56
59
43
71
89
78
100
95
145
133
153
136
166
175
166
154
199
220
217
224
269
250
280
277
279
326
328
323
343
339
340
397
390
395
407
437
452
502
477
453
521
519
489
511
564
549
569
558
538
566
581
632
607
607
623
656
636
643
671
641
630
639
663
629
570
648
629
581
590
580
601
601
585
543
569
602
540
542
572
554
487
547
516
474
492
499
474
486
472
456
423
431
433
399
484
463
428
446
446
436
438
437
408
391
410
368
424
408
397
417
352
363
348
360
344
380
350
323
378
309
300
345
354
313
291
314
298
266
286
257
300
283
280
265
281
258
278
197
238
239
218
226
247
237
209
256
205
215
223
224
227
204
212
228
212
219
190
196
164
157
221
154
165
187
146
175
216
184
177
171
172
111
167
172
153
175
162
142
149
163
186
151
140
142
112
118
157
136
164
164
165
109
138
149
141
121
141
145
144
167
116
157
125
107
162
119
129
111
129
130
146
164
94
130
108
97
109
112
97
126
143
104
122
161
113
89
127
91
113
140
127
130
118
109
131
112
101
143
138
125
140
111
101
144
153
119
135
179
132
129
150
133
144
133
161
181
139
156
162
145
128
182
152
159
192
182
128
168
167
164
201
176
136
195
210
149
194
185
144
201
173
171
195
188
196
201
213
189
209
194
181
231
242
212
211
243
195
214
228
205
242
243
232
215
248
277
256
265
283
275
258
306
313
281
286
292
268
287
288
276
243
250
287
268
273
279
252
270
274
290
273
288
286
313
309
303
297
251
283
319
288
317
354
307
308
313
325
294
337
345
316
324
369
356
359
371
362
368
389
371
343
302
373
319
344
328
371
339
336
385
329
353
327
365
291
321
354
330
345
380
339
339
340
379
370
371
358
405
355
412
387
360
395
431
349
401
404
383
382
393
380
333
414
400
393
416
414
393
380
408
371
377
399
402
379
397
370
391
376
362
389
366
354
392
361
332
380
356
347
373
391
370
365
418
401
376
369
389
386
362
398
434
362
402
362
340
364
397
349
334
354
310
318
380
366
323
357
355
333
339
357
345
360
315
320
361
319
319
350
298
314
325
304
304
348
328
301
350
315
326
333
334
330
328
341
287
325
265
278
277
275
279
234
233
284
211
229
249
234
242
213
272
223
241
263
260
250
253
211
205
237
233
227
232
216
223
192
210
203
229
196
205
219
216
193
244
164
164
242
211
167
209
158
175
200
200
214
177
171
201
185
181
176
149
176
201
153
162
163
175
135
156
175
136
134
189
139
163
161
162
141
169
150
143
145
152
153
166
173
190
104
119
171
154
81
158
158
128
143
113
102
127
146
81
92
143
129
119
124
99
98
80
108
96
80
147
118
62
84
132
142
109
112
114
95
89
114
78
105
119
102
65
90
96
93
76
100
79
50
100
88
51
115
89
78
64
100
104
59
112
103
53
76
77
42
60
67
73
45
52
77
62
74
56
113
82
66
70
52
68
73
79
55
63
56
44
92
82
40
35
67
50
33
60
112
25
85
92
32
59
63
64
21
57
54
15
65
73
25
36
69
59
8
47
49
33
39
57
17
23
50
31
36
89
52
73
29
38
59
3
22
51
10
49
36
55
0
63
12
38
65
77
15
30
46
23
16
53
59
11
16
43
51
30
42
60
10
28
36
10
28
36
31
22
54
40
44
42
20
18
31
31
8
25
25
32
14
25
3
18
17
39
75
7
9
53
36
5
45
10
21
21
25
0
44
20
15
25
2
12
40
56
38
18
27
1
48
8
6
68
15
11
24
1
9
56
13
15
4
25
37
34
41
20
9
20
40
10
15
28
13
1
8
18
8
26
40
28
39
5
10
4
27
8
15
17
11
10
39
7
27
29
27
12
20
4
38
29
22
29
29
18
31
36
4
9
58
22
5
17
8
4
23
2
4
2
28
2
13
28
26
13
18
44
34
2
11
16
24
29
22
29
1
20
18
25
18
10
24
11
11
19
33
24
15
0
12
1
20
21
24
35
4
37
33
12
34
74
4
44
1
7
4
37
17
16
5
16
40
28
12
23
14
12
11
1
6
26
5
20
25
7
8
8
26
5
17
24
21
16
1
13
36
14
33
23
24
1
50
1
2
27
28
9
29
2
39
58
2
39
5
6
1
5
58
7
29
10
18
14
21
19
35
15
7
15
1
7
18
8
36
20
13
2
12
26
18
19
30
47
3
12
3
20
18
31
19
1
31
5
5
32
29
11
20
27
27
6
3
4
22
40
22
6
26
6
5
5
22
3
16
16
0
4
1
19
34
37
8
7
8
1
21
8
1
26
17
21
29
62
11
5
32
30
20
15
6
0
23
32
11
24
36
25
17
3
45
27
23
36
3
18
18
4
3
42
7
12
39
21
15
4
25
6
25
14
5
16
28
18
18
14
31
31
23
6
5
9
21
20
22
15
27
6
5
38
37
14
2
5
2
11
11