14
23
13
4
13
4
8
8
4
7
15
1
6
33
20
18
11
17
0
22
7
21
6
4
2
8
5
0
8
8
10
22
7
36
15
27
25
6
16
2
9
41
9
30
34
24
3
25
4
22
15
17
4
16
3
3
3
1
10
2
9
7
17
20
5
5
9
4
3
22
17
6
2
23
7
11
7
14
24
5
5
15
8
23
3
1
16
3
35
11
22
18
18
31
31
17
15
16
3
6
16
15
24
31
29
20
5
19
28
5
8
26
12
15
29
9
10
13
13
10
13
32
15
17
23
1
4
17
17
2
20
10
7
5
15
1
4
33
11
23
31
0
22
19
30
11
6
7
15
2
27
16
5
2
7
2
15
6
21
12
6
4
29
2
2
0
14
11
8
14
0
28
5
2
22
37
19
26
13
33
18
13
13
29
31
3
21
2
15
4
27
13
15
23
12
5
16
41
17
7
28
22
12
36
10
47
5
17
10
31
15
12
34
28
24
20
14
25
2
5
3
4
18
0
12
17
1
3
5
41
7
16
5
6
15
10
23
20
4
1
22
17
8
21
11
21
1
19
9
16
9
8
30
9
11
7
34
6
7
46
26
44
49
36
15
4
57
63
85
58
83
60
44
70
80
59
139
98
86
105
130
108
128
112
172
139
206
181
148
201
186
237
227
211
231
276
232
270
280
255
306
354
292
291
359
336
355
399
361
381
397
362
413
443
401
432
475
396
428
457
434
417
448
446
472
460
403
428
415
402
427
392
412
387
393
388
329
368
354
362
362
321
362
359
330
367
341
337
379
368
299
339
355
314
343
317
298
281
285
326
328
325
275
271
258
286
268
253
277
260
243
234
275
230
223
266
232
212
246
233
207
231
234
214
242
226
216
234
199
175
244
176
160
163
180
188
192
182
169
155
154
132
153
133
135
147
136
111
162
142
114
141
122
85
117
130
133
117
150
115
133
112
142
113
99
117
144
97
111
127
139
111
134
137
104
116
97
117
122
82
133
119
73
99
94
59
86
108
80
86
64
77
83
94
67
74
94
65
61
66
99
73
76
88
56
70
59
79
65
62
88
73
76
77
90
57
62
77
50
65
69
62
43
70
35
74
55
71
87
38
51
61
35
46
58
52
49
67
56
23
62
56
44
54
56
25
29
92
66
70
93
58
68
65
85
44
62
62
55
85
36
47
54
83
73
79
42
34
65
35
59
92
55
35
40
54
41
71
92
60
67
50
74
89
80
72
87
93
103
77
81
101
76
65
82
82
87
79
104
84
99
81
67
124
111
85
78
120
78
94
74
113
139
90
90
128
85
86
84
98
85
93
143
77
92
125
106
79
116
110
107
141
95
107
71
77
103
108
93
88
120
109
143
145
120
115
161
112
103
140
136
154
117
130
161
157
126
143
182
155
134
116
128
117
140
111
128
127
105
174
182
114
143
143
145
134
165
121
162
114
106
154
148
141
150
132
160
158
148
159
133
171
174
170
173
137
150
173
182
213
143
148
198
150
169
193
210
174
162
153
179
169
184
211
194
188
182
236
192
150
189
151
149
183
174
140
171
170
165
175
185
145
183
166
182
195
154
163
197
187
187
176
184
171
192
169
176
187
178
184
184
178
155
169
176
181
183
179
169
174
219
160
208
173
190
200
195
203
182
187
185
190
157
211
189
166
204
204
162
194
171
186
168
153
148
146
175
159
168
133
110
152
157
142
167
148
136
141
156
97
122
138
151
147
134
110
101
141
109
97
136
127
114
109
123
116
101
89
123
142
122
111
103
127
90
114
86
89
100
90
106
118
109
114
98
106
87
79
52
127
88
81
116
109
101
123
113
97
125
114
68
71
112
83
100
124
85
102
109
85
105
118
84
91
106
81
85
100
106
80
81
117
108
86
68
59
89
67
67
83
13
106
108
57
50
81
81
43
48
86
82
46
65
84
83
50
54
61
61
91
78
78
75
67
22
72
77
49
69
50
57
55
45
48
55
67
42
62
48
17
59
72
38
46
59
25
72
50
11
83
38
25
37
46
40
56
36
22
43
21
45
45
34
35
16
37
42
30
19
72
26
14
29
44
6
14
46
33
20
20
12
24
16
26
1
46
17
15
55
16
3
1
40
4
27
31
11
39
25
9
28
20
20
21
37
1
19
66
14
39
2
34
33
8
13
34
20
16
4
40
25
46
25
14
27
10
38
23
44
23
59
26
4
26
20
2
28
13
29
25
1
3
31
0
17
25
20
5
8
6
40
39
4
4
33
15
4
18
10
32
34
9
10
21
20
1
50
5
3
25
32
3
17
38
5
27
39
2
28
22
11
1
12
1
23
5
14
26
5
3
27
19
3
23
7
29
21
0
48
19
15
26
5
28
3
7
13
20
12
10
18
2
2
19
9
1
17
6
25
19
2
10
14
28
12
5
37
11
6
22
16
2
3
12
3
14
56
13
3
28
8
15
37
19
7
3
6
0
9
19
1
2
5
6
0
11
16
7
17
39
20
21
33
32
20
3
7
12
4
8
40
8
14
11
9
12
2
5
16
20
2
4
18
27
16
17
24
20
1
25
12
22
24
2
15
15
10
9
24
6
5
10
3
14
15
3
5
34
22
1
4
3
21
14
6
17
33
21
1
9
1
8
37
2
3
1
12
35
8
28
10
19
15
13
35
48
6
17
12
11
16
6
2
2
3
15
28
36
21
20
38
8
13
4
20
13
12
8
6
40
8
3
29
15
17
16
4
13
31
14
13
36
19
4
5
13
1
10
32
1
19
48
10
28
2
4
3
2
2
6
7
42
55
12
16
8
21
9
7
32
20
13
18
4
34
9
5
2
24
14
27
16
28
2
7
16
7
7
0
5
39
5
5
36
11
2
4
4
5
1
13
9
15
14
22
21
9
10
8
8
13
17
5
2
34
5
13
24
16
11
2
0
11
17
0
20
24
47
23
19
28
15
10
2
33
43
5
22
59
3
9
17
19
2
13
24
15
24
18
18
9
7
16
24
26
25
18
1
9
28
11
24
9
29
8
16
14
12
12
8