10
18
18
37
20
11
7
28
19
52
29
31
18
2
5
1
36
5
15
11
18
8
6
18
5
19
32
14
13
2
0
31
3
12
27
1
8
28
7
10
1
12
21
6
30
24
4
41
29
14
18
23
13
1
14
27
20
11
1
15
7
6
4
3
19
25
9
18
23
15
3
15
12
21
9
8
5
2
19
26
6
16
3
24
36
13
22
18
0
13
6
12
0
22
6
24
11
24
1
3
6
12
2
25
3
1
8
3
6
3
17
21
42
28
6
9
20
10
33
12
10
21
28
18
1
11
16
7
33
24
4
27
4
9
7
9
6
17
2
16
20
3
2
24
5
12
29
7
56
4
25
1
9
22
2
10
5
16
0
1
23
6
21
30
10
20
27
1
4
11
11
7
14
6
16
28
13
23
8
11
19
15
8
13
15
9
16
14
44
24
6
9
5
3
16
7
3
9
4
9
20
19
16
17
9
12
17
15
6
33
28
19
33
34
12
19
2
6
18
13
15
20
14
28
14
14
31
6
25
45
17
22
20
3
12
9
23
28
24
44
10
10
17
10
6
27
0
6
9
23
12
2
3
14
18
19
10
34
0
15
8
11
8
3
2
4
29
2
14
9
1
10
56
15
15
19
11
9
1
17
15
6
19
6
39
12
3
5
5
10
47
19
29
17
45
18
9
21
28
41
20
44
27
32
4
40
50
27
24
26
69
35
39
22
58
60
70
95
53
126
69
63
117
120
64
54
118
78
78
62
85
63
113
89
95
104
80
101
88
66
98
74
86
73
118
47
109
128
121
77
78
114
70
110
91
89
83
96
88
92
57
75
88
75
84
97
97
75
90
81
74
76
71
77
79
70
42
56
71
41
36
40
52
61
75
87
33
52
40
64
69
55
69
64
52
76
23
45
77
36
32
46
60
16
65
35
19
44
39
25
15
26
14
57
36
62
27
33
55
4
40
53
28
32
3
43
16
30
26
41
44
7
38
35
34
15
42
13
49
53
20
37
27
18
32
22
5
24
55
35
6
25
23
8
2
33
22
32
15
4
3
27
18
18
34
5
22
53
10
8
42
6
45
13
6
38
21
22
17
25
0
10
10
17
2
18
15
20
4
21
14
12
3
19
10
10
21
19
11
3
20
0
41
8
10
37
2
11
28
2
6
1
3
27
2
6
8
23
9
22
8
8
2
27
11
4
36
2
31
16
5
28
8
0
14
18
8
16
19
4
13
28
7
21
9
3
32
11
2
3
39
14
34
11
9
11
19
7
8
9
15
39
7
7
4
12
15
21
18
33
40
0
34
18
32
28
1
5
17
10
22
30
30
50
30
17
18
12
0
30
13
1
19
19
23
26
15
25
41
22
7
7
33
27
32
23
9
33
9
13
39
4
12
20
1
21
29
5
30
10
4
14
32
13
23
7
33
28
3
3
1
29
1
4
24
21
17
1
15
18
7
1
9
25
8
9
25
2
29
45
37
6
1
3
12
37
5
6
48
13
27
28
21
0
12
6
21
5
3
27
37
25
14
4
25
24
24
32
22
15
23
1
34
7
23
36
14
15
31
3
21
46
30
31
40
35
36
13
30
33
25
8
11
48
38
18
39
36
21
52
0
7
52
14
19
10
4
0
22
10
41
50
22
26
45
31
3
51
11
54
9
23
2
6
9
20
26
21
56
30
27
7
35
0
8
13
14
46
22
27
36
24
29
21
23
10
46
21
2
0
38
4
2
22
3
40
21
4
23
19
10
28
11
17
13
19
20
18
19
14
40
32
23
29
33
28
10
12
5
40
9
7
6
15
8
7
21
30
11
11
3
31
10
16
11
11
20
20
22
0
22
35
38
34
49
1
9
34
34
23
1
28
9
0
13
10
28
19
7
29
21
12
52
22
26
41
8
9
4
3
4
12
3
4
3
17
0
17
21
1
18
11
36
16
12
31
8
3
17
30
15
37
4
8
48
25
3
13
1
3
6
17
5
0
15
11
1
32
11
13
5
22
28
0
18
6
27
10
19
23
1
11
5
14
3
1
7
38
10
12
0
24
9
28
0
48
47
1
11
15
21
21
10
4
3
29
8
24
15
11
6
4
0
1
3
19
10
8
27
13
20
15
29
37
22
19
1
32
11
32
14
21
31
32
26
21
2
32
29
9
32
16
10
5
14
6
1
7
3
27
24
3
2
3
13
21
17
14
26
48
0
16
39
20
6
12
15
17
19
18
2
8
16
24
29
4
1
32
26
3
2
6
7
13
11
0
16
4
13
14
6
13
18
14
0
25
6
31
19
6
19
21
2
3
32
26
10
14
6
0
3
37
4
4
19
49
43
21
13
2
16
5
4
2
1
11
6
11
19
6
20
5
3
29
8
20
30
11
13
13
9
29
23
29
2
15
6
31
21
5
28
30
4
24
16
25
10
4
3
18
9
21
27
35
25
13
14
39
16
5
19
10
14
1
15
1
12
12
2
7
11
27
15
2
13
21
6
13
1
7
27
17
6
13
1
35
6
34
7
6
3
7
18
21
4
1
5
2
22
2
22
29
48
20
4
7
1
0
17
54
10
6
5
9
1
16
10
22
21
5
17
5
16
2
16
25
8
30
11
21
19
29
38
33
11
13
3
4
29
33
10
26
0
15
13
38
7
20
3
43
11
18
36
0
40
52
0
19
17
0
1
22
16
10
6
23
4
44
34
57
1
24
25
13
40
17
6
9
19
7
5
3
22
28
4
15
11
9
15
1
19
2
18
7
10
11
9
11
22
6
19
10
32
29
6
5
28
15
22
2
19
21
7
4
18
11
2
18
3
7
12
15
16
4
23
15
6
17
23
5
8
23
12
28
9
6
21
22
16
24
7
13
2
27
5
4
22
22
7
6
6
1
10
11
12
32
1
5
11
3
19
18
1
12
9
15
2
3
7
18
6
3
5
27
22
0
14
7
11
1
12
3
11
2
9
9
9
36
10
1
2
10
10
8
1
28
18
27
23
21
8
13
5
13
31
19
19
4
18
5
5
29
3
19
20
34
16
22
16
3