21
24
33
0
6
23
15
12
27
4
12
11
14
6
34
15
33
11
1
10
40
2
14
14
19
2
1
30
11
11
34
13
2
5
11
4
19
8
29
10
3
12
4
2
22
30
5
21
23
12
41
9
23
19
27
6
12
14
17
28
50
38
18
27
19
14
14
6
19
7
11
27
6
0
15
9
24
6
7
11
16
9
8
15
19
23
7
26
16
23
36
29
13
6
19
20
23
5
36
35
21
17
14
13
34
2
41
8
41
22
34
3
26
5
0
9
16
1
22
2
15
52
34
18
27
25
7
6
37
12
14
39
29
8
8
1
1
14
12
22
6
5
23
6
2
17
15
24
14
3
1
14
10
25
14
19
21
8
6
25
7
5
25
11
13
1
8
19
27
31
29
18
5
16
28
5
30
7
4
12
11
18
13
11
20
11
3
14
13
15
2
3
26
42
9
46
18
12
33
8
29
26
19
8
22
11
8
18
11
5
1
10
4
3
21
10
6
21
25
5
14
8
26
23
2
33
11
20
8
9
23
9
2
10
9
9
7
21
28
3
4
17
4
15
2
16
21
30
17
6
18
1
6
9
30
9
24
2
23
16
16
27
6
11
20
1
8
38
10
17
12
3
6
24
25
12
17
7
11
39
4
1
1
2
21
7
9
2
19
17
1
5
22
42
9
25
22
13
20
4
1
19
15
11
26
4
1
18
22
24
3
5
14
5
8
7
15
14
4
15
15
9
13
2
27
5
39
15
44
34
2
47
6
3
40
4
23
22
14
3
15
27
50
3
11
15
1
19
27
38
1
17
21
16
7
26
14
6
16
12
1
19
22
19
17
20
7
15
26
24
11
9
7
5
3
1
11
9
10
4
24
8
26
14
26
17
28
18
2
20
22
20
7
30
14
8
0
8
10
8
4
13
2
8
13
2
8
27
17
41
1
2
18
24
25
39
16
19
5
17
6
7
15
1
10
13
11
0
18
3
3
32
47
33
11
9
21
3
7
34
31
26
11
10
30
19
21
5
2
2
4
9
13
3
5
44
7
2
8
1
5
1
1
16
37
7
26
29
0
37
16
1
35
22
2
16
9
32
9
3
18
23
7
12
1
33
39
33
12
14
30
44
2
3
16
1
33
7
1
6
8
0
14
17
14
35
23
17
1
28
7
28
9
14
29
33
1
13
23
11
17
5
11
24
9
12
6
6
10
3
19
20
18
31
30
9
44
23
25
28
16
13
61
3
17
18
21
14
0
3
23
10
16
14
15
27
6
11
6
31
48
14
13
13
12
6
39
1
1
11
20
2
4
17
24
6
13
15
10
13
40
3
8
15
7
17
9
47
22
36
1
32
11
24
2
8
3
12
3
12
13
27
8
18
19
17
30
8
3
3
1
13
17
8
1
14
26
6
5
4
11
17
5
1
12
3
6
28
6
4
21
17
13
32
27
6
12
53
8
22
3
14
8
13
14
14
23
14
7
10
38
25
17
3
30
18
8
10
1
18
13
1
20
4
33
21
8
8
53
28
14
7
13
6
19
6
3
28
0
5
3
11
21
13
3
11
20
1
37
12
20
1
20
5
6
13
14
11
26
8
15
5
2
13
0
1
23
4
26
21
20
8
24
1
49
9
6
9
8
5
34
13
5
11
19
12
3
0
30
0
8
13
9
17
21
16
11
1
8
8
5
19
9
10
32
2
0
5
3
12
3
14
12
22
13
28
8
5
7
13
7
17
21
9
18
1
8
13
6
10
0
4
2
8
24
7
10
28
12
3
25
3
9
9
21
5
5
41
8
21
4
3
4
2
24
1
20
8
25
2
1
18
3
13
21
4
14
8
0
19
2
4
17
5
5
12
2
7
33
14
18
1
49
26
9
7
9
8
24
12
8
9
5
19
19
15
2
7
43
5
17
26
16
1
19
3
18
2
20
1
43
1
18
3
14
31
14
5
8
4
5
16
17
21
12
8
8
26
26
5
1
22
11
4
21
16
9
22
8
2
1
14
10
1
41
15
4
13
11
17
14
12
27
20
15
17
19
28
2
36
2
10
14
5
28
14
27
6
4
11
24
0
10
10
3
23
21
41
14
12
5
13
12
12
23
3
19
27
21
22
2
8
6
3
22
20
5
0
55
40
12
7
2
18
0
3
9
30
20
25
33
0
8
0
5
13
15
18
7
3
4
4
3
10
11
26
5
45
1
14
16
7
4
33
12
11
23
27
15
0
3
33
26
9
8
5
5
17
4
23
12
7
29
27
4
3
17
30
28
7
19
15
7
25
27
18
24
3
39
5
21
4
15
5
4
6
4
12
4
34
10
8
50
6
20
37
12
7
9
2
15
17
6
11
24
26
24
10
5
3
7
19
9
14
19
11
28
33
21
6
28
15
29
9
1
19
15
24
0
14
15
21
10
11
11
16
15
4
14
7
6
12
10
25
9
24
21
8
5
31
12
7
10
16
3
6
15
4
5
38
3
28
2
10
51
21
7
2
14
29
6
4
7
4
15
21
5
6
2
2
5
10
17
17
16
11
27
13
27
3
14
11
37
21
3
23
22
1
21
11
1
13
1
12
6
3
21
12
26
3
4
18
15
18
13
36
2
2
10
11
13
16
35
32
12
2
0
23
13
13
7
23
13
10
21
6
8
8
20
1
28
18
38
1
40
2
10
19
4
24
2
8
9
5
3
24
4
17
22
10
42
27
5
9
12
20
42
9
19
10
22
29
18
17
4
12
32
10
23
25
18
2
20
1
11
5
25
0
6
18
0
4
22
2
16
23
6
17
6
4
35
22
12
2
19
6
5
11
16
13
38
4
24
6
1
27
10
7
1
33
14
9
21
19
16
11
35
21
20
11
2
11
2
13
12
9
18
19
33
18
15
9
2
13
8
9
9
24
13
12
19
12
1
32
35
0
7
6
25
22
36
13
8
26
3
18
17
16
18
10
12
14
11
38
49
4
1
32
25
15
15
38
9
41
44
22
39
18
21
30
14
13
12
11
11
5
11
15
14
17
3
24
2
11
12
15
25
7
25
22