1.69177
1.69146
1.69116
1.69086
1.69056
1.69026
1.68996
1.68966
1.68936
1.68906
1.68876
1.68846
1.68816
1.68786
1.68756
1.68725
1.68696
1.68666
1.68636
1.68606
1.68576
1.68546
1.68516
1.68486
1.68456
1.68426
1.68396
1.68366
1.68336
1.68307
1.68277
1.68247
1.68217
1.68187
1.68158
1.68128
1.68098
1.68068
1.68039
1.68009
1.67979
1.6795
1.6792
1.6789
1.6786
1.67831
1.67801
1.67771
1.67742
1.67712
1.67682
1.67653
1.67623
1.67594
1.67564
1.67534
1.67505
1.67475
1.67446
1.67416
1.67387
1.67357
1.67328
1.67298
1.67269
1.6724
1.6721
1.67181
1.67151
1.67122
1.67092
1.67063
1.67034
1.67004
1.66975
1.66945
1.66916
1.66887
1.66858
1.66828
1.66799
1.6677
1.6674
1.66711
1.66682
1.66653
1.66623
1.66594
1.66565
1.66536
1.66507
1.66477
1.66448
1.66419
1.6639
1.66361
1.66332
1.66303
1.66273
1.66244
1.66215
1.66186
1.66157
1.66128
1.66099
1.6607
1.66041
1.66012
1.65983
1.65954
1.65925
1.65896
1.65867
1.65838
1.65809
1.6578
1.65751
1.65722
1.65694
1.65665
1.65636
1.65607
1.65578
1.65549
1.6552
1.65491
1.65463
1.65434
1.65405
1.65376
1.65348
1.65319
1.6529
1.65261
1.65233
1.65204
1.65175
1.65146
1.65118
1.65089
1.6506
1.65032
1.65003
1.64974
1.64946
1.64917
1.64889
1.6486
1.64831
1.64803
1.64774
1.64746
1.64717
1.64689
1.6466
1.64632
1.64603
1.64575
1.64546
1.64518
1.64489
1.64461
1.64432
1.64404
1.64376
1.64347
1.64319
1.6429
1.64262
1.64234
1.64205
1.64177
1.64148
1.6412
1.64092
1.64063
1.64035
1.64007
1.63979
1.6395
1.63922
1.63894
1.63866
1.63837
1.63809
1.63781
1.63753
1.63725
1.63696
1.63668
1.6364
1.63612
1.63584
1.63556
1.63527
1.63499
1.63471
1.63443
1.63415
1.63387
1.63359
1.63331
1.63303
1.63275
1.63247
1.63219
1.63191
1.63163
1.63135
1.63107
1.63079
1.63051
1.63023
1.62995
1.62967
1.62939
1.62911
1.62883
1.62856
1.62828
1.628
1.62772
1.62744
1.62716
1.62688
1.62661
1.62633
1.62605
1.62577
1.6255
1.62522
1.62494
1.62466
1.62438
1.62411
1.62383
1.62355
1.62328
1.623
1.62272
1.62245
1.62217
1.62189
1.62162
1.62134
1.62106
1.62079
1.62051
1.62024
1.61996
1.61969
1.61941
1.61913
1.61886
1.61858
1.61831
1.61803
1.61776
1.61748
1.61721
1.61693
1.61666
1.61638
1.61611
1.61584
1.61556
1.61529
1.61501
1.61474
1.61447
1.61419
1.61392
1.61364
1.61337
1.6131
1.61282
1.61255
1.61228
1.61201
1.61173
1.61146
1.61119
1.61091
1.61064
1.61037
1.6101
1.60982
1.60955
1.60928
1.60901
1.60874
1.60847
1.60819
1.60792
1.60765
1.60738
1.60711
1.60684
1.60656
1.60629
1.60602
1.60575
1.60548
1.60521
1.60494
1.60467
1.6044
1.60413
1.60386
1.60359
1.60332
1.60305
1.60278
1.60251
1.60224
1.60197
1.6017
1.60143
1.60116
1.60089
1.60062
1.60036
1.60009
1.59982
1.59955
1.59928
1.59901
1.59874
1.59848
1.59821
1.59794
1.59767
1.5974
1.59714
1.59687
1.5966
1.59633
1.59607
1.5958
1.59553
1.59526
1.595
1.59473
1.59446
1.5942
1.59393
1.59366
1.5934
1.59313
1.59286
1.5926
1.59233
1.59207
1.5918
1.59153
1.59127
1.591
1.59074
1.59047
1.59021
1.58994
1.58968
1.58941
1.58914
1.58888
1.58861
1.58835
1.58809
1.58782
1.58756
1.58729
1.58703
1.58676
1.5865
1.58623
1.58597
1.58571
1.58544
1.58518
1.58492
1.58465
1.58439
1.58413
1.58386
1.5836
1.58334
1.58307
1.58281
1.58255
1.58228
1.58202
1.58176
1.5815
1.58124
1.58097
1.58071
1.58045
1.58019
1.57993
1.57966
1.5794
1.57914
1.57888
1.57862
1.57835
1.57809
1.57783
1.57757
1.57731
1.57705
1.57679
1.57653
1.57627
1.57601
1.57575
1.57549
1.57523
1.57497
1.57471
1.57445
1.57419
1.57393
1.57367
1.57341
1.57315
1.57289
1.57263
1.57237
1.57211
1.57185
1.57159
1.57133
1.57107
1.57082
1.57056
1.5703
1.57004
1.56978
1.56952
1.56927
1.56901
1.56875
1.56849
1.56823
1.56798
1.56772
1.56746
1.5672
1.56694
1.56669
1.56643
1.56617
1.56592
1.56566
1.5654
1.56514
1.56489
1.56463
1.56438
1.56412
1.56386
1.56361
1.56335
1.56309
1.56284
1.56258
1.56233
1.56207
1.56181
1.56156
1.5613
1.56105
1.56079
1.56054
1.56028
1.56003
1.55977
1.55952
1.55926
1.55901
1.55875
1.5585
1.55824
1.55799
1.55774
1.55748
1.55723
1.55697
1.55672
1.55647
1.55621
1.55596
1.5557
1.55545
1.5552
1.55494
1.55469
1.55444
1.55418
1.55393
1.55368
1.55343
1.55317
1.55292
1.55267
1.55241
1.55216
1.55191
1.55166
1.55141
1.55115
1.5509
1.55065
1.5504
1.55015
1.54989
1.54964
1.54939
1.54914
1.54889
1.54864
1.54839
1.54813
1.54788
1.54763
1.54738
1.54713
1.54688
1.54663
1.54638
1.54613
1.54588
1.54563
1.54538
1.54513
1.54488
1.54463
1.54438
1.54413
1.54388
1.54363
1.54338
1.54313
1.54288
1.54263
1.54238
1.54213
1.54188
1.54164
1.54139
1.54114
1.54089
1.54064
1.54039
1.54014
1.5399
1.53965
1.5394
1.53915
1.5389
1.53866
1.53841
1.53816
1.53791
1.53766
1.53742
1.53717
1.53692
1.53668
1.53643
1.53618
1.53593
1.53569
1.53544
1.53519
1.53495
1.5347
1.53445
1.53421
1.53396
1.53372
1.53347
1.53322
1.53298
1.53273
1.53249
1.53224
1.53199
1.53175
1.5315
1.53126
1.53101
1.53077
1.53052
1.53028
1.53003
1.52979
1.52954
1.5293
1.52905
1.52881
1.52856
1.52832
1.52807
1.52783
1.52759
1.52734
1.5271
1.52685
1.52661
1.52637
1.52612
1.52588
1.52563
1.52539
1.52515
1.5249
1.52466
1.52442
1.52418
1.52393
1.52369
1.52345
1.5232
1.52296
1.52272
1.52248
1.52223
1.52199
1.52175
1.52151
1.52126
1.52102
1.52078
1.52054
1.5203
1.52006
1.51981
1.51957
1.51933
1.51909
1.51885
1.51861
1.51836
1.51812
1.51788
1.51764
1.5174
1.51716
1.51692
1.51668
1.51644
1.5162
1.51596
1.51572
1.51548
1.51524
1.515
1.51476
1.51452
1.51428
1.51404
1.5138
1.51356
1.51332
1.51308
1.51284
1.5126
1.51236
1.51212
1.51188
1.51164
1.51141
1.51117
1.51093
1.51069
1.51045
1.51021
1.50997
1.50973
1.5095
1.50926
1.50902
1.50878
1.50854
1.50831
1.50807
1.50783
1.50759
1.50736
1.50712
1.50688
1.50664
1.50641
1.50617
1.50593
1.5057
1.50546
1.50522
1.50498
1.50475
1.50451
1.50428
1.50404
1.5038
1.50357
1.50333
1.50309
1.50286
1.50262
1.50239
1.50215
1.50191
1.50168
1.50144
1.50121
1.50097
1.50074
1.5005
1.50027
1.50003
1.4998
1.49956
1.49932
1.49909
1.49885
1.49862
1.49839
1.49815
1.49792
1.49768
1.49745
1.49721
1.49698
1.49674
1.49651
1.49628
1.49604
1.49581
1.49558
1.49534
1.49511
1.49488
1.49464
1.49441
1.49418
1.49394
1.49371
1.49348
1.49324
1.49301
1.49278
1.49254
1.49231
1.49208
1.49185
1.49161
1.49138
1.49115
1.49092
1.49069
1.49045
1.49022
1.48999
1.48976
1.48953
1.48929
1.48906
1.48883
1.4886
1.48837
1.48814
1.48791
1.48767
1.48744
1.48721
1.48698
1.48675
1.48652
1.48629
1.48606
1.48583
1.4856
1.48537
1.48514
1.48491
1.48468
1.48445
1.48422
1.48399
1.48375
1.48353
1.4833
1.48307
1.48284
1.48261
1.48238
1.48215
1.48192
1.48169
1.48146
1.48123
1.481
1.48077
1.48054
1.48032
1.48009
1.47986
1.47963
1.4794
1.47917
1.47894
1.47872
1.47849
1.47826
1.47803
1.4778
1.47758
1.47735
1.47712
1.47689
1.47667
1.47644
1.47621
1.47598
1.47575
1.47553
1.4753
1.47507
1.47485
1.47462
1.47439
1.47417
1.47394
1.47371
1.47349
1.47326
1.47303
1.47281
1.47258
1.47235
1.47213
1.4719
1.47167
1.47145
1.47122
1.471
1.47077
1.47055
1.47032
1.4701
1.46987
1.46964
1.46942
1.46919
1.46897
1.46874
1.46852
1.46829
1.46807
1.46784
1.46762
1.46739
1.46717
1.46695
1.46672
1.4665
1.46627
1.46605
1.46582
1.4656
1.46537
1.46515
1.46493
1.4647
1.46448
1.46426
1.46403
1.46381
1.46359
1.46336
1.46314
1.46292
1.46269
1.46247
1.46225
1.46202
1.4618
1.46158
1.46136
1.46113
1.46091
1.46069
1.46046
1.46024
1.46002
1.4598
1.45958
1.45935
1.45913
1.45891
1.45869
1.45847
1.45824
1.45802
1.4578
1.45758
1.45736
1.45714
1.45692
1.45669
1.45647
1.45625
1.45603
1.45581
1.45559
1.45537
1.45515
1.45493
1.4547
1.45448
1.45426
1.45404
1.45382
1.4536
1.45338
1.45316
1.45294
1.45272
1.4525
1.45228
1.45206
1.45184
1.45162
1.4514
1.45118
1.45096
1.45074
1.45052
1.45031
1.45009
1.44987
1.44965
1.44943
1.44921
1.44899
1.44877
1.44855
1.44834
1.44812
1.4479
1.44768
1.44746
1.44724
1.44703
1.44681
1.44659
1.44637
1.44615
1.44594
1.44572
1.4455
1.44528
1.44506
1.44485
1.44463
1.44441
1.44419
1.44398
1.44376
1.44354
1.44332
1.44311
1.44289
1.44267
1.44246
1.44224
1.44202
1.44181
1.44159
1.44138
1.44116
1.44094
1.44073
1.44051
1.44029
1.44008
1.43986
1.43964
1.43943
1.43921
1.439
1.43878
1.43857
1.43835
1.43813
1.43792
1.4377
1.43749
1.43727
1.43706
1.43684
1.43663
1.43641
1.4362
1.43598
1.43577
1.43556
1.43534
1.43513
1.43491
1.4347
1.43448
1.43427
1.43405
1.43384
1.43363
1.43341
1.4332
1.43298
1.43277
1.43256
1.43234
1.43213
1.43192
1.4317
1.43149
1.43128
1.43106
1.43085
1.43064
1.43042
1.43021
1.43
1.42978
1.42957
1.42936
1.42915
1.42893
1.42872
1.42851
1.4283
1.42808
1.42787
1.42766
1.42745
1.42724
1.42702
1.42681
1.4266
1.42639
1.42617
1.42596
1.42575
1.42554
1.42533
1.42512
1.42491
1.42469
1.42448
1.42427
1.42406
1.42385
1.42364
1.42343
1.42322
1.42301
1.4228
1.42259
1.42238
1.42216
1.42195
1.42174
1.42153
1.42132
1.42111
1.4209
1.42069
1.42048
1.42027
1.42006
1.41985
1.41964
1.41943
1.41922
1.41901
1.4188
1.41859
1.41839
1.41818
1.41797
1.41776
1.41755
1.41734
1.41713
1.41692
1.41671
1.4165
1.4163
1.41609
1.41588
1.41567
1.41546
1.41525
1.41504
1.41484
1.41463
1.41442
1.41421
1.414
1.4138
1.41359
1.41338
1.41317
1.41296
1.41276
1.41255
1.41234
1.41214
1.41193
1.41172
1.41151
1.41131
1.4111
1.41089
1.41068
1.41048
1.41027
1.41006
1.40986
1.40965
1.40944
1.40924
1.40903
1.40882
1.40862
1.40841
1.40821
1.408
1.40779
1.40759
1.40738
1.40717
1.40697
1.40676
1.40656
1.40635
1.40615
1.40594
1.40573
1.40553
1.40532
1.40512
1.40491
1.40471
1.4045
1.4043
1.40409
1.40389
1.40368
1.40348
1.40327
1.40307
1.40286
1.40266
1.40246
1.40225
1.40205
1.40184
1.40164
1.40143
1.40123
1.40103
1.40082
1.40062
1.40041
1.40021
1.40001
1.3998
1.3996
1.3994
1.39919
1.39899
1.39878
1.39858
1.39838
1.39818
1.39797
1.39777
1.39757
1.39736
1.39716
1.39696
1.39675
1.39655
1.39635
1.39615
1.39594
1.39574
1.39554
1.39534
1.39513
1.39493
1.39473
1.39453
1.39433
1.39412
1.39392
1.39372
1.39352
1.39332
1.39312
1.39291
1.39271
1.39251
1.39231
1.39211
1.39191
1.3917
1.3915
1.3913
1.3911
1.3909
1.3907
1.3905
1.3903
1.3901
1.3899
1.3897
1.38949
1.38929
1.38909
1.38889
1.38869
1.38849
1.38829
1.38809
1.38789
1.38769
1.38749
1.38729
1.38709
1.38689
1.38669
1.38649
1.38629
1.38609
1.38589
1.38569
1.38549
1.3853
1.3851
1.3849
1.3847
1.3845
1.3843
1.3841
1.3839
1.3837
1.38351
1.38331
1.38311
1.38291
1.38271
1.38251
1.38231
1.38212
1.38192
1.38172
1.38152
1.38132
1.38112
1.38093
1.38073
1.38053
1.38033
1.38013
1.37994
1.37974
1.37954
1.37934
1.37915
1.37895
1.37875
1.37855
1.37836
1.37816
1.37796
1.37777
1.37757
1.37737
1.37718
1.37698
1.37678
1.37659
1.37639
1.37619
1.376
1.3758
1.3756
1.3754
1.37521
1.37501
1.37482
1.37462
1.37442
1.37423
1.37403
1.37384
1.37364
1.37345
1.37325
1.37305
1.37286
1.37266
1.37247
1.37227
1.37208
1.37188
1.37169
1.37149
1.37129
1.3711
1.3709
1.37071
1.37052
1.37032
1.37012
1.36993
1.36974
1.36954
1.36935
1.36915
1.36896
1.36876
1.36857
1.36837
1.36818
1.36799
1.36779