6
31
3
1
10
22
18
30
53
9
15
10
15
27
36
1
27
46
1
2
24
36
18
48
0
2
43
14
2
27
10
22
23
24
15
43
1
22
19
22
10
32
5
11
9
7
12
23
36
17
25
28
22
30
3
41
23
34
4
6
3
24
29
10
5
23
8
24
15
7
33
19
6
8
33
12
24
6
16
5
30
18
22
34
17
18
21
6
2
15
9
9
32
27
7
38
13
14
37
22
23
17
16
4
6
1
7
4
4
7
14
12
16
7
27
15
9
3
23
19
8
45
12
26
9
28
9
3
16
30
14
14
12
21
0
25
6
27
5
17
11
42
49
14
25
12
3
22
24
20
21
34
21
4
24
29
23
27
27
8
34
23
1
18
33
13
11
10
7
20
12
14
31
35
33
54
42
26
54
0
38
25
38
10
17
82
27
49
23
33
30
65
27
52
56
52
69
61
67
65
65
40
63
28
77
74
90
84
95
113
121
101
133
100
144
149
130
170
209
171
187
196
203
245
216
268
282
292
291
347
339
336
384
359
397
446
448
454
509
489
523
540
561
599
636
652
679
731
679
723
793
786
818
876
904
866
922
895
929
969
995
1004
1029
1057
1030
1089
1077
1057
1064
1087
1033
1164
1124
1137
1166
1151
1159
1137
1163
1170
1149
1160
1179
1173
1149
1198
1183
1161
1133
1163
1163
1163
1193
1130
1153
1145
1136
1168
1141
1133
1137
1163
1137
1130
1150
1115
1124
1155
1090
1101
1111
1068
1059
1095
1041
1049
1080
1065
1019
1001
976
1005
987
972
978
975
917
934
981
892
892
917
878
878
938
849
839
867
836
813
767
814
809
806
761
744
759
717
746
774
729
736
701
667
721
696
657
678
670
603
624
652
605
625
652
635
619
621
636
631
604
576
633
659
590
644
637
576
618
596
578
642
616
595
614
625
618
615
626
619
642
621
602
627
614
626
653
648
607
658
646
624
642
661
632
663
669
599
675
704
662
691
697
668
698
735
706
704
739
688
698
719
712
694
769
775
757
757
757
761
762
745
772
759
753
801
785
760
846
808
806
804
830
792
789
878
807
844
838
832
848
862
882
849
880
867
829
884
888
930
876
867
941
915
941
948
959
942
976
982
946
974
973
971
990
938
960
991
1015
1004
1018
988
995
994
957
1018
1026
1028
1021
1043
1017
1033
1019
1056
1042
1039
1018
1048
1044
1037
1065
1025
1059
1029
1049
1034
1030
1065
1059
1055
1051
1065
1087
1083
1103
1045
1094
1067
1046
1116
1084
1074
1087
1063
1039
1058
1067
1063
1062
1036
1035
1050
1031
1047
1087
1033
1047
1044
1026
1016
1061
998
1043
1046
1019
968
1035
1032
1048
1006
992
1001
1014
1002
1026
1022
1043
993
986
993
1027
993
1002
972
1013
990
950
907
953
974
960
951
953
988
950
953
914
902
891
946
879
930
943
906
843
890
850
882
872
832
885
893
845
817
819
840
799
834
802
814
815
772
771
809
777
753
790
693
748
754
723
716
746
717
720
723
694
680
715
691
672
690
646
642
686
648
616
643
650
644
618
652
639
654
590
604
599
560
630
620
564
592
587
540
592
561
556
553
535
560
552
527
482
522
522
491
516
540
497
507
485
490
466
469
455
469
492
453
480
448
446
440
475
435
407
482
403
429
461
403
433
408
423
369
385
403
382
344
365
409
406
355
364
412
363
355
384
340
387
361
360
335
396
293
343
364
341
334
340
318
326
305
287
332
289
264
298
305
307
307
287
305
301
281
253
315
281
273
273
265
291
284
268
255
250
232
275
219
230
267
226
227
204
187
245
197
210
224
200
225
221
218
222
202
196
198
213
189
233
206
196
210
196
169
219
194
187
204
184
181
190
196
151
170
165
123
149
190
170
166
189
154
148
130
166
165
151
137
149
139
146
145
135
166
166
154
104
156
102
133
149
123
114
118
135
126
134
120
136
136
137
121
133
109
120
132
128
106
118
120
117
147
73
124
144
104
90
110
81
104
107
102
99
121
106
95
78
75
92
94
91
119
125
105
82
86
64
88
149
81
63
109
53
83
110
90
88
74
70
40
91
72
51
74
68
63
98
69
88
73
91
95
65
45
58
94
48
74
70
86
54
84
63
74
44
68
53
64
67
86
87
62
75
71
44
87
49
10
64
57
65
31
89
39
62
41
35
54
86
47
57
74
79
44
56
52
69
55
13
75
70
19
48
45
40
40
64
40
47
50
38
43
74
81
29
67
46
54
47
11
73
40
21
81
57
37
57
56
35
34
71
46
29
75
56
29
56
26
49
77
15
50
41
16
68
53
71
59
23
31
43
26
25
51
40
5
41
74
22
26
29
28
31
19
1
21
63
36
30
24
29
27
44
25
51
41
1
31
48
56
28
61
15
59
25
9
32
28
15
51
34
45
38
43
29
31
1
49
57
55
30
14
15
35
37
23
2
45
40
6
4
11
17
20
60
17
50
37
27
29
25
34
12
18
42
18
59
45
39
35
4
41
59
12
48
28
28
25
1
23
44
5
4
9
2
22
33
20
20
41
6
8
26
10
26
45
1
17
35
61
9
31
7
38
37
30
34
34
45
14
26
11
10
9
7
28
24
1
13
14
10
19
43
21
20
11
6
22
39
22
8
16
25
1
19
16
25
20
28
16
13
3
25
54
3
5
7
4
7
33
37
16
36
15
10
14
29
10
14
12
20
49
31
5
53
23
14
0
18
13
4
0
2
39
23
34
54
13
0
35
46
7
16
38
1
40
13
20
30
0
35
17
21
18
32
13
6
49
0
16
19
21
11
35
19
21
32
20
4
27
19
12
12
38
25
49
2
25
28
54
23
21
14
9
2
11
27
8
25
9
33
26
8
56
28
37
11
3
19
23
13
27
28
4
19
17
1
31
29
19
19
31
19
20
23
6
1
7
20
26
14
2
27
14
2
24
22
21
8
1
4
2
39
20
15
28
21
30
12
34
7
47
3
18
4
23
10
36
8
6
3
21
22
18
5
23
1
16
22
10
12
13
47
13
4
33
2
18
36
4
3
28
10
16
20
6
10
32
11
12
28
6
11
8
25
18
47
21
0
35
7
46
28
43
38
20
4
1
40
21
21
4
7
25
7
1
6
42
9
46
2
2
34
26
19
12
54
11
6
5