33
29
7
59
57
4
47
46
20
17
11
12
13
13
28
11
29
16
7
34
12
48
10
28
44
5
18
12
17
4
22
40
26
16
39
9
8
10
9
8
20
22
25
30
7
5
17
50
27
15
6
6
13
1
17
66
23
10
10
25
41
3
15
3
21
10
4
18
16
1
33
5
16
4
18
17
13
29
37
11
15
40
20
54
5
10
45
18
2
39
8
19
20
28
14
16
3
17
29
16
2
8
4
13
26
23
1
23
5
13
31
4
18
7
17
35
17
8
30
24
22
7
21
40
14
32
9
25
7
11
22
19
18
4
27
15
22
12
19
22
42
1
21
27
17
6
12
7
12
20
14
0
4
3
5
9
22
1
2
43
15
34
9
81
36
26
54
1
15
34
10
14
5
3
5
13
53
5
32
48
66
30
51
33
30
22
31
27
22
56
39
55
36
40
70
60
35
55
44
72
99
85
72
125
126
88
88
128
80
125
173
168
208
200
195
185
230
238
226
233
280
245
311
310
327
364
396
399
420
430
467
496
515
545
549
568
599
631
636
655
707
709
743
729
795
806
756
861
864
852
910
932
893
904
984
986
966
1070
1012
1029
1062
1093
1040
1070
1091
1113
1080
1138
1124
1117
1140
1132
1136
1117
1149
1143
1073
1098
1145
1145
1110
1116
1144
1104
1130
1109
1074
1069
1073
1097
1028
1064
1056
1048
1097
1038
1007
1018
978
1015
985
982
961
933
955
998
911
926
964
925
898
936
904
871
896
850
826
863
853
840
836
825
820
782
786
811
759
799
751
788
773
754
751
779
698
746
755
718
741
729
662
691
714
695
711
693
700
663
664
677
669
647
696
641
608
641
656
625
641
654
641
638
662
590
639
610
597
636
632
612
593
588
591
618
606
562
564
615
565
574
621
613
617
624
605
611
630
626
582
687
657
630
642
664
680
666
732
624
652
675
680
680
715
677
654
702
666
699
715
708
697
700
723
757
753
735
741
709
734
771
765
715
738
780
770
741
751
792
741
770
787
779
763
773
809
789
780
803
778
823
865
785
800
803
797
770
859
839
804
835
860
823
860
849
823
869
861
845
897
894
851
875
916
859
893
943
889
908
887
871
897
926
882
908
913
916
935
961
924
899
922
936
897
988
949
919
940
935
922
936
969
971
955
928
967
936
929
955
930
899
973
958
952
952
959
931
962
974
909
992
942
954
944
952
902
956
909
898
957
948
926
960
919
916
957
932
919
906
956
883
904
922
853
900
962
912
843
920
935
914
925
858
936
889
876
890
879
863
884
928
911
876
877
868
843
880
859
843
803
855
817
783
863
845
788
829
788
801
815
817
813
771
818
733
758
768
771
721
770
762
739
774
737
771
724
731
706
760
717
734
755
703
732
732
691
681
699
714
672
677
687
663
648
659
643
673
657
654
626
654
657
639
602
634
622
611
605
616
598
626
623
536
632
611
579
561
595
542
581
588
572
550
569
514
575
550
529
529
517
504
512
554
523
511
555
528
521
520
495
496
525
484
499
517
500
442
508
494
459
467
487
472
413
453
441
467
469
426
407
400
429
412
422
439
440
429
384
412
413
397
381
383
379
357
403
406
389
359
376
356
346
378
323
316
378
371
284
350
370
341
328
392
347
344
354
323
320
313
288
298
351
354
329
327
325
299
310
331
323
315
292
297
292
222
252
297
280
282
276
303
265
272
286
271
281
244
230
247
242
283
233
229
264
233
206
262
231
239
229
210
205
258
229
185
253
209
191
218
246
178
210
221
189
202
152
199
201
175
178
176
192
116
181
193
173
160
169
150
194
181
150
165
158
162
147
193
167
144
190
188
144
137
160
169
127
149
151
133
134
160
146
138
203
158
92
140
143
102
148
142
127
101
116
145
115
114
114
124
123
93
128
110
112
156
107
91
116
130
76
104
147
62
89
145
94
112
145
104
75
98
131
92
114
106
78
90
132
79
81
88
97
88
51
93
84
79
60
68
46
62
74
93
93
85
49
62
83
94
63
60
94
95
36
68
73
47
76
90
69
49
90
68
59
88
78
36
60
60
61
48
70
53
47
101
76
52
89
50
78
55
67
62
60
30
50
73
53
41
76
56
48
69
47
41
60
61
14
87
66
54
53
63
63
29
65
63
23
64
54
17
54
59
4
73
45
27
35
51
28
2
41
39
45
61
24
38
9
15
27
44
47
47
59
33
34
46
33
62
53
48
29
46
43
29
34
66
24
18
6
5
10
47
33
33
30
28
36
1
41
38
5
30
14
55
7
20
5
24
29
29
34
5
44
28
48
0
13
17
9
54
19
10
35
42
3
16
62
4
20
29
18
9
43
61
11
41
15
4
14
44
16
44
30
16
34
9
35
24
27
18
6
36
40
48
32
27
1
26
5
14
33
47
16
17
19
34
22
23
13
27
27
5
12
52
16
16
46
32
26
10
32
20
21
38
33
14
56
2
48
60
2
27
29
12
34
22
5
12
36
13
12
15
24
1
34
1
3
2
14
2
17
27
2
20
40
31
41
56
13
18
4
11
15
16
1
17
3
43
22
12
53
29
18
49
1
7
2
16
7
42
25
2
49
16
50
29
41
9
5
22
18
45
24
3
32
18
20
24
3
7
7
44
45
20
36
27
11
6
15
8
45
16
23
4
25
25
19
17
16
25
34
13
25
2
16
2
7
20
13
5
30
5
16
27
24
11
11
30
14
8
21
0
15
11
10
4
3
28
22
35
22
11
42
18
13
32
24
10
23
2
7
14
16
13
26
4
31
20
4
0
9
14
6
4
2
0
20
4
11
17
1
14
1
15
4
5
12
6
28
53
10
20
5
5
23
16
14
11
18
10
24
35
31
20
15
9
12
27
1
20
6
9
8
7
11
11
12
13
35
11
7
6
7
18
18
4
18
35
6
3
16
1
8
8
5
43
30
11
35
20
9
12
5
8
29
30
18
0
15
21
10
23
28
34
5
24
24
7
15
10
1
15
5
21
45
6
3
19
2
7
2
13
10
4
18
3
3
8
5
10
19
1
16
8
7
14
6
13
13
3
9
25
2
48
7
38
15
1
12
18