24
37
17
13
48
14
23
75
18
13
86
30
5
60
12
50
28
13
1
28
10
26
61
1
36
42
10
38
32
23
31
20
3
16
66
30
16
28
9
10
8
14
22
21
17
5
22
29
7
24
12
53
43
3
57
60
13
27
1
2
19
52
4
5
51
17
16
9
19
4
35
8
10
31
14
34
42
3
13
26
9
24
39
10
48
20
21
5
43
21
26
7
7
1
6
4
8
7
32
19
18
8
8
7
8
61
22
1
37
9
4
24
29
37
8
6
6
53
14
23
57
36
42
4
25
3
21
24
5
56
13
13
75
29
27
46
40
40
42
16
9
0
17
12
32
30
11
6
9
25
29
24
16
47
28
28
28
20
52
63
37
28
17
31
16
49
31
25
45
40
0
28
4
41
40
33
35
40
37
30
50
39
24
63
59
24
76
72
17
84
49
35
62
83
47
94
67
62
80
78
77
69
55
86
129
66
74
122
83
93
134
126
107
154
105
120
166
167
127
184
201
183
229
191
168
228
192
221
249
255
259
262
241
290
354
320
305
360
370
373
374
389
370
435
385
410
440
431
430
478
481
479
502
483
518
530
501
535
544
527
551
595
574
608
660
632
657
634
641
643
655
672
641
664
689
703
689
696
697
721
716
703
774
707
746
758
681
726
773
684
757
745
720
738
766
735
725
760
719
704
733
779
759
743
727
751
749
716
756
715
735
713
758
721
663
748
694
678
726
684
695
717
673
694
706
649
674
667
631
638
668
627
643
637
630
627
615
608
626
639
577
599
616
583
607
614
563
569
586
560
565
553
565
557
542
496
552
536
474
519
489
501
535
491
473
482
475
444
481
517
443
465
491
478
448
467
457
451
437
423
430
449
432
455
405
431
445
413
432
399
440
388
440
444
439
444
434
435
399
414
414
440
411
397
436
412
408
437
401
396
454
388
433
416
387
374
446
438
414
449
445
415
426
425
422
463
426
417
461
431
444
436
445
460
451
432
431
463
453
431
448
468
440
484
460
433
489
481
435
493
473
473
448
497
458
481
511
448
489
490
452
491
518
487
524
490
485
538
535
501
544
531
506
541
568
558
556
590
532
603
566
531
570
550
594
621
604
573
614
612
610
663
595
620
640
601
611
666
650
611
665
652
626
651
673
678
657
645
668
678
656
646
690
662
660
703
656
655
686
648
665
710
668
676
666
689
626
701
728
665
667
673
680
711
696
691
709
677
673
678
667
667
664
648
691
668
639
680
701
700
722
706
697
685
676
684
668
685
679
674
685
691
636
706
656
666
660
652
679
692
649
676
677
615
607
709
659
646
652
641
635
634
658
623
643
606
646
626
596
608
662
600
613
631
620
617
608
595
615
650
593
558
606
581
578
581
560
588
564
572
578
583
565
556
586
551
566
554
505
559
572
549
538
562
504
471
557
495
517
548
504
541
527
480
490
497
485
483
513
505
512
492
473
498
484
443
484
440
443
432
478
424
420
448
398
445
448
437
385
459
446
401
434
390
398
393
388
416
403
385
407
380
353
407
373
355
381
347
372
364
348
330
377
383
346
339
362
348
315
343
342
331
312
321
317
332
337
279
362
297
302
309
313
274
325
250
283
290
255
298
314
293
288
267
309
277
249
235
262
258
257
274
254
289
248
262
252
246
253
243
219
236
221
228
222
199
213
210
202
223
213
214
254
243
214
219
224
180
210
197
181
220
174
165
191
201
195
183
187
163
195
185
155
189
176
168
174
193
183
179
167
168
175
148
171
191
174
134
193
181
156
168
182
140
189
139
133
170
145
130
196
156
142
146
134
142
161
168
148
165
146
121
151
121
100
136
149
118
167
140
99
152
129
75
106
116
140
138
112
137
101
102
108
153
112
108
134
88
112
83
116
108
79
70
94
93
91
87
153
64
70
111
76
96
124
125
107
88
62
104
132
82
98
112
64
125
123
74
100
116
71
48
108
74
49
52
92
33
65
64
65
93
83
81
90
54
81
90
52
64
83
68
68
86
80
62
91
77
49
35
80
73
96
60
52
86
45
70
99
43
91
72
63
71
77
15
67
73
25
73
85
50
46
93
42
52
53
46
54
67
43
45
57
42
83
87
30
42
54
60
64
41
40
72
80
33
7
62
31
41
61
35
67
72
36
4
37
55
39
50
14
31
51
30
63
48
11
31
72
23
105
62
22
61
46
57
64
56
28
49
68
43
28
12
52
44
47
18
25
35
8
64
70
3
38
84
36
32
38
57
43
52
17
55
61
12
10
37
51
20
21
36
32
41
22
26
51
25
40
26
24
37
42
11
27
40
26
52
29
16
33
39
38
34
27
10
25
13
16
41
34
5
39
16
41
66
39
6
37
25
25
17
80
19
25
18
24
17
68
2
29
33
13
39
16
7
53
27
15
25
42
12
42
58
8
45
28
13
47
35
5
11
36
19
25
54
5
49
32
26
44
34
12
30
34
22
50
52
4
53
19
11
45
40
5
9
20
9
65
3
14
36
56
26
15
15
9
2
19
5
63
32
17
69
48
0
55
29
13
38
23
5
54
20
42
18
36
12
31
24
5
27
6
28
19
7
18
20
7
5
38
38
11
47
3
22
30
9
20
47
20
10
37
31
26
18
28
6
23
5
41
24
11
2
33
25
21
33
1
19
60
32
24
19
51
33
20
43
24
28
46
9
34
13
11
33
20
31
14
6
11
50
8
2
41
17
11
6
20
10
61
56
10
25
18
10
32
31
53
30
11
21
38
15
1
61
36
0
60
8
44
44
5
13
43
7
38
62
18
20
42
26
29
30
3
34
48
22
34
28
8
4
22
18
5
43
31
1
28
21
1
11
37
5
39
9
4
17
31
34
20
11
45
6
27
15
16
9
10
70
22
9
50
10
0
39
32
18
40
14
12
9
1
3
16
2
31
27
18
39
25
21
11
7
9
14
35
24
19
6
1
9
52
2
10
14
38
5
2
11
22
22
27
2
2
3
26
21
31
44
28
19
3
59
1
12
7
21
15
22
27
44
5
14
28
0
1
60
28
32