29
35
23
51
19
14
18
13
31
7
13
4
12
13
32
22
32
9
4
2
14
40
35
21
31
34
9
3
29
12
38
9
0
14
7
0
15
4
11
19
34
27
31
53
4
16
8
4
3
17
18
9
1
0
32
6
20
42
22
10
19
3
6
11
8
19
6
20
1
25
40
18
38
16
14
10
2
27
38
7
23
10
2
3
36
5
26
47
13
23
22
9
29
22
19
12
23
1
21
41
20
14
34
35
41
43
22
7
52
14
5
58
9
4
40
13
22
4
13
31
13
17
11
6
1
14
27
16
6
25
10
26
34
10
9
23
21
11
41
16
9
48
15
49
32
15
27
7
14
9
42
31
20
26
17
14
4
13
35
16
25
21
42
29
16
42
10
21
39
2
33
11
2
29
7
19
2
19
6
11
14
22
35
21
7
16
6
16
14
27
39
18
9
33
9
11
4
63
26
14
28
28
16
35
17
22
10
31
6
14
18
26
36
56
4
28
64
41
38
6
52
86
41
47
70
40
47
70
47
65
48
75
84
69
89
61
97
91
75
100
83
97
75
107
101
107
132
130
136
144
108
165
124
129
144
189
146
163
178
119
196
169
175
183
202
158
224
209
186
219
223
236
207
250
238
220
271
232
275
245
197
258
252
291
251
288
263
295
320
301
311
290
266
289
315
274
286
307
285
339
316
321
332
327
313
362
332
292
336
348
323
339
338
340
336
364
327
324
397
310
356
393
320
382
367
337
379
373
357
350
362
334
383
356
358
354
352
347
349
311
363
351
373
311
345
349
337
289
355
331
342
317
299
348
322
251
343
292
309
315
296
293
305
289
301
323
288
263
307
285
252
273
321
291
289
284
273
301
307
241
297
281
256
281
286
242
309
260
258
278
232
250
293
283
267
286
289
248
267
271
270
294
258
286
279
240
278
283
281
259
300
255
284
316
284
260
291
298
265
339
275
276
301
272
293
310
301
289
314
293
288
344
296
314
350
307
320
341
332
348
344
306
316
368
341
307
364
370
348
344
378
363
357
364
416
363
354
380
363
376
401
394
370
380
404
367
407
418
445
394
411
409
404
422
399
442
473
429
444
440
423
479
440
415
457
445
410
485
515
468
515
499
482
539
539
491
531
563
513
545
541
546
544
546
553
539
573
549
593
576
556
600
620
570
580
623
595
598
595
615
613
593
600
639
636
607
656
640
618
665
628
660
657
664
626
681
631
664
702
713
653
692
658
633
712
665
659
694
693
665
660
688
689
711
680
675
742
682
649
670
699
662
715
699
707
744
705
724
706
731
680
705
738
693
654
707
662
667
704
686
708
695
652
738
702
710
706
674
666
723
639
609
667
675
664
665
651
626
665
643
634
664
644
616
670
672
646
676
653
615
706
646
610
646
653
598
649
625
599
650
636
636
650
614
557
582
575
572
591
573
556
545
569
533
588
586
536
591
551
525
555
544
543
534
558
467
547
517
487
547
541
481
544
491
485
534
477
493
492
479
465
492
458
471
476
456
439
469
444
443
462
442
413
465
420
453
453
452
409
456
424
422
451
411
407
428
412
395
423
379
395
404
357
429
402
388
397
399
372
386
376
331
386
401
379
373
387
337
337
387
350
324
338
325
336
319
312
310
339
254
308
363
312
321
362
281
296
304
282
297
330
247
282
301
273
263
280
229
264
266
253
302
271
275
255
244
249
202
259
245
245
235
261
220
232
232
228
256
229
206
232
214
218
205
222
236
211
177
204
225
210
216
217
160
182
201
177
211
188
174
153
161
157
191
198
164
207
166
141
193
162
157
171
154
155
172
170
150
158
177
114
168
163
116
152
152
131
167
143
123
146
174
129
123
109
111
145
141
108
174
156
114
146
137
121
159
140
75
141
136
111
130
118
144
127
109
79
114
105
106
147
128
103
101
145
78
122
103
101
111
102
105
144
169
61
42
105
74
44
97
103
103
116
83
86
133
104
103
100
97
104
110
63
112
120
56
84
70
82
94
97
63
90
103
47
113
95
116
103
78
62
94
133
61
64
109
103
100
48
55
104
94
82
90
84
65
54
48
88
45
71
54
57
60
69
67
46
43
57
82
87
92
74
43
75
72
41
80
80
43
47
68
61
32
83
39
100
62
34
60
50
56
56
74
27
28
35
66
62
15
43
92
46
39
55
69
56
55
53
35
47
45
27
75
68
13
60
55
44
51
47
27
43
27
3
71
19
34
56
34
27
88
46
32
82
38
10
60
21
17
70
65
45
36
13
35
25
50
46
24
27
75
15
27
16
47
63
20
47
23
45
80
17
4
73
6
52
60
31
24
36
26
25
46
16
21
37
14
17
59
47
50
53
14
13
44
9
18
61
32
57
31
11
8
62
37
55
10
5
28
42
21
36
35
34
21
25
15
33
43
5
27
27
22
66
28
42
34
29
10
33
25
25
52
12
26
47
33
6
39
16
31
24
35
8
46
60
31
25
60
4
34
25
2
13
31
5
31
41
3
67
18
12
45
37
18
50
30
4
21
56
16
22
65
4
29
63
33
23
36
10
37
29
13
15
39
9
62
11
19
16
19
27
30
23
3
44
33
5
16
25
38
60
14
16
6
9
18
17
14
2
23
10
4
67
36
14
27
41
20
32
40
3
39
14
9
34
54
5
32
36
14
35
25
29
7
17
10
8
30
16
38
36
7
26
32
10
28
16
38
12
12
2
14
38
17
46
17
0
22
29
2
27
23
16
11
24
3
52
36
14
24
21
18
28
42
10
37
7
2
17
9
17
44
48
10
3
13
2
19
13
31
9
22
11
24
30
32
50
58
21
31
1
3
35
34
1
33
34
19
50
22
10
28
14
3
0
9
11
46
21
6
55
17
3
48
17
21
36
4
24
49
42
9
11
17
12
45
25
27
13
0
26
43
2
10
32
11
4
1
13
2
49
10
18
29
5
15
16
48
8
4
19
28
23
9
14
10
21
1
21
23
9
19
15
2
0
9
4
32
14
20
26
27
28
30
28
14
18
5
5
7
15
17
8
9
3
55
0
9