12
9
24
24
4
31
11
20
28
12
1
15
17
6
13
6
3
16
42
20
45
18
11
15
32
33
22
9
9
4
9
4
7
8
9
7
10
10
13
28
7
32
2
27
14
89
36
11
14
38
10
39
8
8
29
18
19
9
38
29
6
12
2
11
7
3
14
1
14
15
25
12
34
5
1
20
5
2
15
20
28
11
0
3
20
27
7
3
13
22
6
1
21
11
25
4
8
7
1
8
12
6
21
0
47
17
2
37
32
23
1
7
17
24
7
21
12
25
21
3
3
14
22
41
44
1
0
27
20
32
19
40
23
11
13
4
4
5
12
23
15
31
29
5
21
38
14
8
8
14
30
50
13
8
15
8
6
2
1
1
3
10
35
7
31
43
26
14
23
39
16
27
17
2
18
15
8
26
45
8
17
9
5
8
46
8
14
14
3
12
27
18
8
39
22
21
4
19
31
50
6
18
22
3
26
11
28
0
23
25
10
33
24
32
18
16
25
12
10
36
23
7
43
34
6
0
36
26
35
30
8
39
21
17
8
4
20
13
7
46
35
36
47
17
34
32
45
5
13
26
63
29
62
72
46
75
79
12
36
68
45
19
29
54
36
62
80
97
25
61
76
51
105
73
80
24
66
85
41
48
104
47
85
89
72
77
86
44
57
66
78
101
104
103
104
90
68
103
89
75
106
112
41
114
122
76
88
102
82
136
142
88
132
126
116
93
107
89
135
111
131
135
90
104
153
171
131
139
144
128
131
129
104
129
119
119
156
134
110
128
151
161
141
138
117
142
129
154
177
134
114
169
157
128
165
123
138
170
184
124
196
151
133
165
166
132
159
143
135
168
127
132
150
153
152
192
136
153
157
161
109
175
205
129
202
157
158
181
140
161
156
172
180
228
175
143
179
145
180
185
137
188
185
133
150
190
197
164
192
178
150
184
179
170
196
167
169
177
210
160
203
205
201
215
214
206
206
183
190
220
185
224
226
205
184
258
241
216
233
244
237
237
233
209
236
239
211
245
234
227
255
232
246
267
253
243
278
247
286
283
253
256
269
286
259
304
294
268
265
302
300
286
293
294
301
326
291
309
303
299
387
331
303
348
318
334
353
350
336
370
372
325
357
371
328
356
339
349
337
379
357
373
385
378
393
382
409
400
384
395
412
346
398
408
410
418
444
433
438
415
414
416
424
446
472
444
388
468
447
436
466
466
397
443
474
442
479
460
457
474
473
463
444
485
476
478
465
484
422
459
466
465
485
490
493
484
457
504
474
457
487
493
468
477
485
519
522
522
494
510
513
489
486
490
486
479
486
488
473
471
475
527
488
507
496
510
445
508
524
465
478
512
449
475
498
448
473
491
467
494
442
472
477
446
450
480
443
432
454
481
449
497
442
425
497
456
457
460
430
427
415
457
454
452
451
480
419
421
432
454
402
439
458
398
394
448
404
390
410
436
382
396
430
387
416
426
387
433
416
385
406
388
362
429
390
366
392
360
367
385
348
363
359
338
348
390
368
350
333
336
305
344
326
320
349
314
305
343
313
312
323
335
352
324
295
316
284
309
324
307
277
282
316
342
312
333
307
277
299
297
305
308
287
304
298
286
281
300
257
283
280
300
245
281
264
237
280
255
234
261
271
203
222
268
220
256
231
205
217
211
229
232
234
207
240
216
238
234
221
206
218
223
206
211
214
201
195
188
170
195
198
195
177
182
191
190
175
223
194
187
195
187
159
189
158
159
152
214
166
189
177
185
162
154
182
149
179
146
157
158
147
122
166
137
178
165
118
118
162
150
136
150
135
147
168
169
81
148
148
101
127
153
105
107
160
125
125
118
132
125
85
153
148
92
143
148
62
121
133
76
90
145
124
110
114
88
90
82
91
115
105
88
123
78
82
109
110
40
96
115
48
89
98
71
91
112
75
75
136
90
70
93
60
63
38
49
51
90
67
93
83
71
87
86
55
89
79
54
70
79
59
62
93
70
61
91
40
49
60
60
53
43
67
73
36
48
67
73
25
98
74
32
93
66
35
82
92
43
47
89
51
37
93
54
53
71
56
16
63
12
42
76
63
51
31
38
62
59
22
57
62
26
60
51
37
39
25
29
29
57
31
25
28
34
44
15
45
57
27
57
26
31
18
75
23
9
76
46
18
59
26
37
63
63
33
31
44
52
8
19
48
22
50
13
51
5
8
68
54
36
41
29
8
26
48
1
47
10
39
46
43
7
21
25
25
35
43
31
51
29
4
77
19
34
21
5
22
61
26
17
37
24
9
27
32
21
37
22
13
30
34
20
18
18
29
53
29
26
53
23
9
35
28
0
21
7
6
59
11
24
30
51
20
32
28
49
8
3
12
25
12
0
35
7
20
55
0
20
28
14
25
11
25
5
41
15
42
22
34
31
10
31
29
40
15
39
15
13
25
42
39
31
22
21
10
15
22
40
27
22
1
52
20
11
3
5
26
32
29
22
33
24
49
19
31
33
24
6
4
36
6
30
28
68
6
25
39
1
12
46
31
30
23
6
6
27
9
29
2
42
1
15
12
39
2
41
64
22
3
35
8
29
24
27
23
21
25
3
9
7
31
37
13
37
37
7
1
18
16
27
44
26
11
15
10
46
45
9
9
19
1
20
39
51
5
45
4
33
28
1
69
15
9
37
13
40
18
44
16
2
14
23
1
12
36
21
42
22
2
28
17
7
14
31
13
22
32
33
5
23
42
36
13
4
42
7
13
34
0
7
26
14
5
26
5
30
25
30
3
19
15
13
3
27
35
41
12
27
35
28
10
36
7
4
10
8
12
20
24
4
12
21
13
15
16
20
16
31
4
29
18
51
6
32
33
14
0
33
27
12
13
27
25
20
42
4
7
11
22
0
4
18
6
9
14
33
22
21
61
0
5
31
6
20
5
35
6
31
7
1
0
1
23
31
7
40
20
24
28
45
1
24
24
5
14
33
22
25
13
9
3
10
37
25
9
15
2
23
8
14
18
3
6
49
12
32
31
5
3
40
17
14
40
24
4
57
23
23
10
32