9
7
22
4
0
12
4
18
7
23
28
20
16
2
5
53
7
29
22
22
13
6
6
9
31
12
30
61
22
44
12
15
11
10
4
13
26
15
4
28
20
14
27
13
7
8
21
24
27
21
39
10
14
38
1
30
33
12
26
52
6
22
20
2
16
17
1
4
7
20
22
23
11
0
7
11
18
39
10
2
8
29
15
38
4
11
37
11
25
21
4
19
2
13
18
9
21
15
5
1
17
9
18
6
44
45
2
15
2
8
23
14
16
50
8
17
32
27
14
10
5
5
10
17
7
1
9
18
0
6
25
62
16
4
25
1
13
33
16
14
23
38
0
23
18
5
13
7
20
7
7
40
1
39
16
33
12
48
61
10
9
1
9
1
59
8
37
7
5
12
13
5
5
34
11
29
25
5
28
28
8
26
6
17
13
41
20
8
26
2
15
32
2
13
2
4
18
18
7
28
1
5
18
6
3
0
28
16
22
2
5
7
16
10
9
57
17
33
17
7
3
23
16
30
24
36
11
31
3
37
4
22
12
4
17
10
19
6
25
16
6
5
13
16
20
10
25
14
34
5
9
12
14
18
9
7
19
38
13
6
5
14
17
5
1
41
3
21
55
39
5
15
2
21
7
20
39
3
9
26
9
10
32
74
30
8
28
19
2
34
22
4
15
23
14
5
54
12
1
24
7
39
40
16
33
6
24
3
33
16
8
3
13
21
33
12
17
25
10
37
30
33
9
26
6
24
37
31
37
45
47
32
3
47
47
60
16
57
6
6
5
10
44
54
40
40
60
37
31
49
56
41
38
53
45
66
63
63
57
41
42
58
53
48
110
44
17
89
65
52
96
87
44
77
53
73
78
96
85
96
90
77
103
60
104
87
100
62
131
65
91
128
48
71
101
80
80
75
132
74
118
109
110
107
137
108
137
143
135
140
144
146
167
141
139
153
125
125
175
161
142
163
157
115
153
167
184
168
138
163
194
182
188
210
178
174
171
204
206
174
173
218
239
175
190
209
214
197
247
176
224
209
208
228
248
218
249
259
193
234
270
247
248
268
235
239
265
231
276
276
247
260
298
254
263
266
267
279
279
281
321
284
284
288
306
276
332
318
300
352
309
297
326
317
317
299
354
280
317
385
325
333
370
330
334
363
321
326
356
336
345
398
318
361
412
364
393
370
373
384
395
344
419
371
353
392
375
363
375
371
398
400
390
381
408
411
430
408
407
371
407
429
407
415
413
424
388
450
408
406
450
400
420
443
421
416
452
404
418
423
421
443
436
444
434
371
414
423
437
430
437
456
429
471
439
411
425
441
455
391
396
391
395
433
421
401
421
431
443
436
416
441
422
419
428
395
378
409
445
413
385
434
382
440
426
418
382
397
399
417
415
410
413
413
425
413
438
408
386
377
402
409
374
392
416
398
389
375
403
367
381
370
361
363
353
370
391
385
364
378
356
342
392
354
356
390
380
344
425
372
364
384
366
335
382
381
334
361
358
331
340
349
301
334
302
338
343
330
318
367
315
329
318
330
293
397
316
315
341
337
303
340
314
287
344
327
307
352
295
290
320
287
302
346
272
288
318
294
292
299
278
239
326
255
264
313
267
268
290
262
234
252
312
260
269
253
226
258
260
299
239
252
216
290
239
237
265
214
222
256
213
222
228
247
226
223
211
206
204
249
194
229
226
200
230
196
219
247
180
181
220
169
208
198
190
213
225
181
186
236
184
181
179
173
156
198
188
224
182
161
183
215
166
207
216
150
189
190
170
167
190
136
151
164
152
158
183
170
156
159
131
153
173
140
156
159
127
155
166
124
147
138
117
170
155
110
147
175
130
127
147
148
125
124
115
115
157
120
131
113
114
128
99
93
137
106
100
112
133
94
112
131
72
111
140
66
71
126
99
87
99
111
91
101
115
110
98
97
106
80
105
104
118
58
104
132
72
81
115
54
88
129
98
86
95
73
97
62
56
47
88
76
67
69
52
134
90
72
101
108
37
69
79
69
57
94
72
51
79
62
57
101
115
40
69
89
56
31
27
78
38
74
88
86
43
54
53
49
40
45
81
50
73
28
0
43
60
57
75
61
45
62
67
40
10
16
64
39
72
58
30
46
32
39
28
53
35
49
33
84
66
75
57
54
29
31
48
53
39
26
53
10
38
69
1
40
37
41
29
17
63
47
43
35
8
38
33
46
20
59
13
20
37
28
48
28
48
43
31
29
28
25
9
11
38
2
96
39
13
15
39
31
15
33
101
49
14
15
49
22
45
57
38
30
15
30
32
64
5
37
39
18
13
65
30
19
25
35
10
21
22
15
24
25
43
24
40
29
27
31
9
41
20
35
40
45
5
20
9
21
38
21
26
40
32
31
14
5
29
18
11
55
19
3
42
49
13
41
10
2
21
56
7
33
34
12
43
26
8
3
14
3
7
10
28
4
62
23
17
3
5
29
35
14
6
34
29
29
18
48
34
19
12
18
39
0
26
31
27
15
46
13
11
4
3
28
3
21
33
10
43
31
45
3
19
42
22
20
36
2
8
1
18
18
51
2
32
47
8
13
46
23
47
26
6
23
44
29
15
27
16
4
24
30
34
48
6
6
7
2
56
32
47
9
6
34
0
22
26
29
1
17
6
16
28
2
45
25
12
24
8
29
29
8
17
22
42
3
10
7
27
22
13
19
26
17
8
10
14
21
2
4
23
25
10
0
17
40
21
31
6
7
9
10
0
11
45
23
7
2
14
6
4
33
22
4
7
8
17
3
35
5
31
5
1
33
11
24
4
17
24
11
27
1
26
12
10
51
7
2
38
40
11
8
8
5
8
17
6
5
26
11
7
26
17
11
20
18
9
19
26
35
1
8
39
14
15
29
6
10
6
5
9
1
41
1
24
38
35
14
2
23
4
2
2
35
9
19
44
9
9
23
2
5
25
6
18
14
12
4
9
7
2
6
12
23
28
11
7
19
12
16
16
19
1
12
7
20
35
7
23
44
3
29
26
42
15
8
13
18
12
11
42
23
16
18
21
28
1
26