26
40
6
34
7
30
9
2
25
0
38
26
13
13
17
8
13
33
45
2
29
27
21
1
11
30
23
13
6
10
16
44
27
16
4
6
13
5
24
1
5
8
3
4
2
8
37
6
18
2
0
26
9
52
22
6
19
27
24
13
19
23
34
19
13
57
46
1
22
6
4
3
16
21
17
43
4
19
43
23
37
44
7
23
32
12
4
3
1
29
1
2
5
10
26
44
4
8
17
20
26
16
23
30
17
41
25
9
6
18
17
8
32
3
38
7
12
16
10
24
37
25
11
9
19
22
21
44
16
2
3
31
13
14
39
27
4
25
1
6
31
14
30
52
21
14
28
27
10
25
18
1
4
7
5
1
13
24
8
19
7
19
4
36
28
35
35
4
3
10
28
9
23
8
3
37
14
3
6
5
5
40
24
40
50
12
6
37
3
25
19
26
14
36
29
4
24
3
3
4
16
38
2
38
42
17
21
11
40
6
8
4
0
15
39
8
25
25
6
10
9
12
21
23
6
7
20
2
24
11
22
11
6
15
8
17
27
26
48
6
29
23
47
50
13
3
16
28
11
6
38
29
24
19
11
18
38
4
13
25
34
28
27
24
6
26
4
14
14
14
4
16
15
18
8
3
14
35
6
26
30
16
12
17
12
22
38
0
2
15
41
13
15
45
12
52
0
18
1
3
23
31
14
5
0
17
4
10
17
5
38
19
14
37
17
14
26
4
9
7
10
33
18
2
17
10
5
8
27
9
10
3
2
15
22
5
28
16
45
12
15
24
39
1
43
26
20
36
3
13
14
30
22
43
10
20
31
20
10
17
22
5
47
7
12
28
15
21
36
27
8
42
38
19
27
34
3
37
42
40
39
21
15
16
25
25
1
8
38
41
11
37
17
31
13
30
22
20
43
24
3
47
17
34
48
15
13
45
29
37
49
15
57
70
5
6
93
36
36
64
61
35
80
32
20
62
56
63
81
42
35
83
42
40
82
23
61
88
68
48
114
43
57
75
46
84
99
86
65
93
72
80
90
94
70
86
74
82
89
102
58
76
88
102
115
60
69
126
101
81
111
88
105
90
89
93
129
74
115
151
89
126
112
115
107
162
87
120
153
137
126
142
114
142
164
121
123
169
105
154
157
120
107
172
175
134
178
146
159
159
159
177
159
156
162
174
171
166
161
157
178
192
163
174
182
169
176
198
163
208
247
148
196
207
155
229
242
166
219
242
182
218
226
190
217
219
166
249
215
167
259
234
198
257
278
196
278
267
221
238
265
238
251
248
242
252
265
224
252
270
253
244
266
193
255
280
249
272
275
247
292
302
273
249
267
285
298
255
266
293
284
254
303
286
260
286
271
256
291
265
228
318
305
241
292
319
279
311
294
267
309
287
292
338
304
261
317
325
281
280
287
271
313
323
282
293
322
292
289
337
280
305
342
307
335
321
310
289
288
321
319
302
307
307
293
293
315
294
270
325
288
293
324
300
266
332
267
279
297
270
271
302
266
288
320
274
299
310
295
275
330
303
270
311
271
259
313
305
289
324
284
249
290
303
251
287
288
227
302
295
253
297
291
264
279
244
262
266
256
255
321
242
249
285
225
274
287
250
286
271
259
218
279
234
254
252
215
239
275
231
226
260
229
230
283
237
197
272
191
216
271
224
212
298
224
231
260
195
204
219
227
185
255
239
250
209
199
197
196
191
215
183
193
200
247
188
194
217
177
201
230
204
181
193
222
191
180
171
216
196
176
193
184
183
197
203
170
200
208
180
181
183
121
157
203
135
161
207
149
156
201
188
159
188
150
149
200
123
185
173
129
152
171
143
148
150
162
138
187
102
131
158
187
129
122
126
139
149
154
137
131
128
142
141
104
153
143
110
135
128
108
110
179
84
154
141
98
147
138
73
105
134
117
130
140
76
159
109
85
141
108
91
111
110
125
125
101
45
128
148
64
126
132
68
82
151
64
103
121
104
77
107
58
106
100
70
95
118
70
93
89
86
100
102
72
67
59
75
107
68
60
74
54
78
83
75
58
113
82
80
103
77
56
89
84
37
92
85
29
72
93
46
92
70
53
63
72
28
67
72
50
72
71
37
62
67
47
67
54
43
63
53
29
54
41
46
62
46
20
46
31
47
78
44
64
40
37
54
42
18
35
57
20
19
89
55
40
51
14
51
51
24
19
45
12
26
28
4
44
37
15
44
39
33
16
56
38
4
55
30
33
54
9
1
34
36
58
28
10
22
32
17
1
23
36
26
53
10
4
38
27
23
44
31
20
39
22
28
47
11
52
42
32
27
57
2
14
75
27
25
56
32
14
67
16
8
63
10
12
60
19
26
27
4
15
20
35
5
39
19
4
45
14
0
19
37
8
50
6
7
10
4
35
8
17
3
1
10
2
19
4
16
51
31
26
39
24
21
33
9
16
31
15
23
0
20
40
10
9
37
25
17
26
50
20
8
47
30
1
37
20
10
65
20
27
17
0
7
32
12
12
32
16
33
27
17
18
23
28
19
29
28
40
14
4
17
44
18
11
23
1
2
36
44
4
30
50
7
31
6
22
38
17
25
24
44
3
3
31
28
49
6
43
12
22
29
36
10
60
38
18
1
4
3
51
9
10
34
40
19
45
47
27
13
7
16
19
36
27
2
16
32
6
22
12
1
1
31
6
30
4
3
14
20
6
10
29
39
15
29
22
8
4
7
9
23
6
22
30
18
24
12
32
2
19
6
13
2
20
2
17
11
8
18
20
16
25
7
2
52
26
30
24
29
20
5
22
0
25
25
42
25
26
5
27
18
0
3
28
10
39
45
0
10
3
13
9
1
6
14
17
1
5
27
29
2
10
3
7
3
35
29
46
36
20
24
39
15
46
11
20
34
13
28
29
4
32
2
7
21
32
4
29
27
5
21
40
6
19
0
9
10
1
8
8
12
4
26
26
48
21
24
1
5
1
15
15
29
47
1
4
27
22
22
17
2
11
41
30
35
23
22
6
39
3
25
18
3
21
14
24
8
37
28
11
36
38
23
14
1