21
15
14
22
8
18
10
28
47
8
10
15
29
14
23
7
8
49
35
3
26
6
5
40
19
40
28
18
56
30
0
32
1
6
44
39
23
14
7
0
18
4
15
26
0
7
24
23
14
31
16
4
32
20
1
34
19
40
42
23
44
2
20
3
1
18
13
3
3
8
1
0
30
17
18
21
49
27
19
14
17
7
16
26
4
68
55
8
5
24
2
19
3
5
12
57
14
7
55
34
22
58
4
23
44
23
16
24
30
38
10
24
8
29
2
33
3
18
22
11
0
63
5
8
10
14
7
37
5
5
29
9
23
7
29
11
16
39
7
13
22
9
24
10
6
23
23
16
30
21
56
17
6
29
3
19
23
25
57
29
36
30
26
39
51
8
16
40
2
1
34
13
47
3
13
27
4
17
3
6
51
3
20
40
48
9
43
36
17
46
24
18
20
17
25
36
1
2
18
19
17
10
5
35
10
16
8
3
14
39
34
12
35
10
38
21
60
15
33
16
9
12
15
20
12
16
6
7
36
8
15
71
11
40
26
26
25
59
22
0
15
10
46
20
9
6
16
6
9
9
13
1
49
16
24
40
24
7
65
3
4
38
12
25
41
24
0
50
10
14
39
11
1
13
12
0
14
23
13
28
1
4
33
28
17
18
10
15
51
14
26
61
1
29
1
6
23
18
5
2
4
37
10
9
9
0
54
24
7
13
33
13
55
12
29
28
30
0
30
8
13
8
1
27
14
13
29
11
3
5
17
26
13
32
44
9
47
19
30
40
15
0
27
14
27
30
7
31
57
1
16
18
4
9
17
25
2
10
4
21
36
23
19
20
11
23
44
3
4
25
39
46
53
8
10
26
4
16
26
32
5
45
7
17
25
60
29
25
42
11
37
26
16
31
0
32
47
5
30
27
6
26
53
1
7
38
35
13
60
13
20
63
39
10
58
8
6
44
26
4
39
8
15
40
17
3
14
14
1
28
30
25
19
6
6
36
16
41
23
6
31
36
20
40
44
28
56
35
9
8
38
9
16
36
12
24
8
20
10
15
18
64
11
1
33
17
31
36
40
10
49
62
3
18
40
12
15
47
32
41
40
16
33
26
22
26
36
22
37
16
29
60
19
4
61
31
5
37
5
33
30
44
19
13
59
9
70
26
28
41
36
21
58
40
4
47
6
40
73
5
22
47
65
27
79
35
27
42
43
18
41
15
20
40
29
29
47
45
44
76
2
17
78
10
9
70
46
3
61
77
27
59
8
22
53
41
46
36
8
36
53
5
84
74
21
61
63
12
21
72
54
53
67
33
69
85
35
33
75
54
3
81
49
72
57
54
64
79
29
34
52
35
60
82
37
32
101
26
19
67
39
55
85
41
52
62
49
72
81
43
46
46
27
69
51
4
80
39
14
98
103
26
49
65
50
69
101
52
97
111
52
62
96
25
70
66
28
57
111
17
115
92
26
51
84
66
89
128
29
59
123
51
48
134
87
64
100
81
65
120
66
70
100
39
80
99
69
95
82
40
114
109
66
83
113
20
63
106
87
70
97
61
71
79
100
71
102
48
99
78
76
105
90
62
105
119
27
108
115
56
94
135
81
89
111
63
87
126
68
82
118
102
87
71
94
111
106
62
109
139
66
96
135
68
128
131
74
90
103
50
78
90
67
78
132
83
121
114
76
92
91
96
98
89
68
117
76
77
109
108
63
132
120
80
116
109
81
128
126
76
110
98
75
116
132
70
115
137
90
125
139
113
135
106
101
131
69
58
117
105
90
120
108
75
82
112
94
102
117
111
120
112
31
145
76
112
153
89
104
136
110
106
140
109
99
96
99
81
108
108
88
124
103
95
122
109
95
113
97
61
136
73
98
126
107
63
130
140
0
134
108
96
110
115
82
114
90
52
143
88
82
90
97
100
91
75
97
115
93
70
98
91
56
138
86
58
110
80
93
135
82
90
91
81
105
95
116
77
101
75
87
113
49
82
77
61
106
121
69
64
105
92
99
101
77
73
96
75
101
94
70
70
116
85
82
89
81
81
101
44
86
105
53
73
83
64
74
123
59
69
99
39
76
86
82
56
73
44
92
60
51
74
86
36
72
122
30
48
69
16
88
75
47
43
94
46
60
104
40
52
80
43
71
106
28
104
69
70
59
69
2
51
79
16
39
65
30
33
101
25
52
46
48
29
62
48
63
86
31
61
72
28
42
47
61
61
50
6
58
57
23
49
86
9
29
83
13
45
65
22
14
93
20
33
82
3
68
41
2
56
48
22
86
21
30
52
57
12
25
101
17
22
69
23
37
61
62
23
47
40
36
60
26
12
34
43
36
43
32
41
53
16
55
40
31
34
58
14
14
46
0
34
54
2
27
51
35
32
31
2
66
19
2
58
93
20
37
46
11
55
40
19
41
55
19
26
21
18
7
24
2
41
39
1
55
9
4
48
51
54
50
29
2
61
53
5
54
23
14
19
14
25
18
54
25
25
36
8
30
18
18
47
1
2
35
38
5
68
8
34
38
43
5
32
28
3
6
38
23
21
10
1
24
39
21
31
22
4
42
3
21
61
1
14
45
30
1
74
33
8
29
15
19
48
21
13
22
5
20
5
18
13
24
13
22
16
17
9
79
25
6
37
8
10
61
0
2
36
6
19
49
14
4
60
40
6
33
14
14
38
9
14
47
21
24
40
16
37
42
8
15
50
8
26
17
22
4
21
2
0
12
6
10
44
22
1
45
11
17
46
6
22
26
21
1
10
28
21
4
19
17
29
0
16
60
11
7
9
9
11
18
39
6
55
28
32
36
43
36
36
16
17
49
25
8
62
24
23
39
11
7
25
7
7
19
10
13
34
27
16
37
20
38
33
31
5
28
14
39
33
5
4
48
9
3
48
23
37
19
23
2
20
19
9
26
41
11
10
22
50
34
60
18
39
6
2
13
39
9
19
2
6
11
6
15
18
4
13
15
26
14
13
5
18
40
28
8
31
39
13
39
7
2
44
4
3
18
9
16
21
29
21
6
10
19
27
34
16
7
8